1000,5,0.05,4321,0.001001,0.000923,990,990,990,990,990,990,990,990
1000,5,0.05,1234,0.001001,0.000895,992,993,993,993,993,993,993,993
1000,5,0.05,4321,0.002002,0.001868,925,830,925,925,925,925,925,925
1000,5,0.05,1234,0.002002,0.001898,914,842,916,917,916,916,916,915
1000,5,0.05,1234,0.004004,0.003840,839,749,839,833,839,839,839,839
1000,5,0.05,4321,0.004004,0.003820,846,749,846,846,846,846,846,846
1000,5,0.05,1234,0.005005,0.004847,810,735,810,799,810,804,810,810
1000,5,0.05,4321,0.003003,0.002881,876,841,876,876,876,876,876,876
1000,5,0.05,4321,0.005005,0.004809,812,753,812,812,812,812,812,812
1000,5,0.05,1234,0.006006,0.005870,771,758,771,771,771,771,771,771
1000,5,0.05,1234,0.007007,0.006875,749,673,749,749,749,749,749,749
1000,5,0.05,4321,0.007007,0.006825,756,540,756,756,756,756,756,756
1000,5,0.05,4321,0.006006,0.005796,802,756,793,802,802,802,802,802
1000,5,0.05,1234,0.003003,0.002841,881,643,881,881,881,881,881,881
1000,5,0.05,1234,0.008008,0.007954,725,614,717,725,725,725,725,725
1000,5,0.05,4321,0.008008,0.007790,733,600,733,733,733,733,733,733
1000,5,0.05,1234,0.009009,0.008953,698,273,698,698,698,698,698,698
1000,5,0.05,4321,0.009009,0.008801,710,710,710,710,710,710,710,710
1000,5,0.05,1234,0.010010,0.009956,684,155,684,684,684,684,684,684
1000,5,0.05,4321,0.010010,0.009836,673,624,673,673,673,673,673,673
1000,5,0.05,1234,0.011011,0.011005,637,511,637,637,637,637,637,637
1000,5,0.05,4321,0.011011,0.010805,653,644,653,653,653,653,653,653
1000,5,0.05,1234,0.012012,0.011982,619,380,619,619,619,619,619,619
1000,5,0.05,4321,0.012012,0.011814,627,583,627,627,627,627,627,627
1000,5,0.05,1234,0.013013,0.012985,597,440,597,597,597,597,597,597
1000,5,0.05,4321,0.013013,0.012949,606,552,606,606,606,606,606,606
1000,5,0.05,1234,0.014014,0.013988,586,543,586,586,586,586,586,586
1000,5,0.05,4321,0.014014,0.013930,584,578,584,584,584,584,584,584
1000,5,0.05,1234,0.015015,0.014957,556,525,556,556,556,556,556,556
1000,5,0.05,4321,0.015015,0.014951,558,393,558,558,558,558,558,558
1000,5,0.05,1234,0.016016,0.015938,529,362,529,529,529,529,529,529
1000,5,0.05,4321,0.016016,0.015890,568,530,568,568,568,568,568,568
1000,5,0.05,1234,0.017017,0.016899,521,521,521,521,521,521,521,521
1000,5,0.05,4321,0.017017,0.016919,529,448,529,529,529,529,529,529
1000,5,0.05,1234,0.018018,0.017896,502,469,502,502,502,502,502,502
1000,5,0.05,4321,0.018018,0.017882,520,499,520,520,520,520,520,520
1000,5,0.05,1234,0.019019,0.018861,479,479,479,479,479,479,479,479
1000,5,0.05,4321,0.019019,0.018841,488,477,488,488,488,488,488,488
1000,5,0.05,1234,0.020020,0.019910,465,436,465,465,465,465,465,465
1000,5,0.05,4321,0.020020,0.019830,467,457,467,467,467,467,467,467
1000,5,0.05,1234,0.021021,0.020803,468,468,468,468,468,468,468,468
1000,5,0.05,4321,0.021021,0.020835,450,231,450,450,450,450,450,450
1000,5,0.05,1234,0.022022,0.021834,420,376,420,420,420,420,420,420
1000,5,0.05,4321,0.022022,0.021838,452,451,452,452,452,452,452,452
1000,5,0.05,1234,0.023023,0.022841,433,379,433,433,433,433,433,433
1000,5,0.05,4321,0.023023,0.022837,418,418,418,418,418,418,418,418
1000,5,0.05,1234,0.024024,0.023814,395,362,395,395,395,395,395,395
1000,5,0.05,4321,0.024024,0.023816,438,386,438,438,438,438,438,438
1000,5,0.05,1234,0.025025,0.024849,401,164,401,401,401,401,401,401
1000,5,0.05,4321,0.025025,0.024783,393,173,393,393,393,393,393,393
1000,5,0.05,1234,0.026026,0.025920,372,337,372,372,372,372,372,372
1000,5,0.05,4321,0.026026,0.025832,385,356,385,385,385,385,385,385
1000,5,0.15,1234,0.001001,0.000895,961,965,965,965,965,965,965,965
1000,5,0.05,1234,0.027027,0.027029,342,318,342,342,342,342,342,342
1000,5,0.15,4321,0.001001,0.000923,956,965,967,967,967,967,967,965
1000,5,0.05,4321,0.027027,0.026849,362,362,362,362,362,362,362,362
1000,5,0.15,1234,0.002002,0.001898,790,766,804,803,807,806,802,798
1000,5,0.15,4321,0.002002,0.001868,786,759,794,793,792,791,793,792
1000,5,0.05,1234,0.029029,0.028943,325,306,325,325,325,325,325,325
1000,5,0.05,4321,0.028028,0.027816,342,342,342,342,342,342,342,342
1000,5,0.15,1234,0.003003,0.002841,668,530,670,668,670,670,670,670
1000,5,0.15,4321,0.003003,0.002881,665,526,670,669,670,670,666,670
1000,5,0.05,4321,0.029029,0.028809,356,344,348,356,356,356,356,356
1000,5,0.05,1234,0.028028,0.027986,351,308,351,351,351,351,351,351
1000,5,0.15,4321,0.004004,0.003820,562,357,562,564,562,556,563,564
1000,5,0.15,1234,0.004004,0.003840,590,429,591,591,591,591,592,593
1000,5,0.15,1234,0.007007,0.006875,413,367,413,413,413,413,413,413
1000,5,0.15,4321,0.007007,0.006825,413,342,413,413,413,413,413,413
1000,5,0.15,4321,0.008008,0.007790,364,112,363,364,364,364,364,364
1000,5,0.15,1234,0.005005,0.004847,510,288,510,510,510,510,510,510
1000,5,0.15,1234,0.006006,0.005870,459,333,459,459,459,459,459,459
1000,5,0.15,4321,0.009009,0.008801,328,292,328,328,328,328,328,328
1000,5,0.15,1234,0.010010,0.009956,303,118,303,303,303,303,303,303
1000,5,0.15,4321,0.006006,0.005796,463,285,462,463,464,463,464,464
1000,5,0.15,4321,0.005005,0.004809,505,356,505,505,505,505,505,505
1000,5,0.15,1234,0.009009,0.008953,341,172,341,341,341,341,341,341
1000,5,0.15,1234,0.012012,0.011982,232,116,232,232,232,232,232,232
1000,5,0.15,4321,0.012012,0.011814,235,184,235,235,235,235,235,235
1000,5,0.15,4321,0.010010,0.009836,277,164,274,277,277,277,277,277
1000,5,0.15,1234,0.013013,0.012985,220,189,220,220,220,220,220,220
1000,5,0.15,4321,0.011011,0.010805,252,113,252,249,252,252,252,252
1000,5,0.15,1234,0.011011,0.011005,266,175,266,266,266,266,266,266
1000,5,0.15,4321,0.013013,0.012949,207,206,207,207,207,207,207,207
1000,5,0.15,4321,0.015015,0.014951,150,83,146,150,150,150,150,150
1000,5,0.15,4321,0.014014,0.013930,173,38,170,173,173,173,173,173
1000,5,0.15,1234,0.008008,0.007954,371,200,371,371,371,371,371,371
1000,5,0.15,1234,0.014014,0.013988,189,162,189,189,189,189,189,189
1000,5,0.15,4321,0.017017,0.016919,135,135,135,135,135,135,135,135
1000,5,0.15,1234,0.016016,0.015938,152,111,152,152,152,152,152,152
1000,5,0.15,4321,0.016016,0.015890,150,36,150,150,150,150,150,150
1000,5,0.15,1234,0.015015,0.014957,187,154,187,187,187,187,187,187
1000,5,0.15,4321,0.018018,0.017882,108,73,92,108,108,108,108,108
1000,5,0.15,1234,0.017017,0.016899,136,45,136,136,136,136,136,136
1000,5,0.15,1234,0.020020,0.019910,89,68,87,89,89,89,89,89
1000,5,0.15,1234,0.018018,0.017896,126,126,126,126,126,126,126,126
1000,5,0.15,1234,0.021021,0.020803,90,27,90,90,90,90,90,90
1000,5,0.15,4321,0.021021,0.020835,73,54,73,73,73,73,73,73
1000,5,0.15,4321,0.019019,0.018841,107,107,107,107,107,107,107,107
1000,5,0.15,4321,0.022022,0.021838,91,79,91,91,91,91,91,91
1000,5,0.15,4321,0.023023,0.022837,74,39,74,74,74,74,74,74
1000,5,0.15,1234,0.024024,0.023814,58,58,58,58,58,58,58,58
1000,5,0.15,1234,0.019019,0.018861,126,86,126,126,126,126,126,126
1000,5,0.15,1234,0.023023,0.022841,65,44,65,65,65,65,65,65
1000,5,0.15,4321,0.025025,0.024783,53,42,53,53,53,53,53,53
1000,5,0.15,4321,0.020020,0.019830,74,74,74,74,74,74,74,74
1000,5,0.15,1234,0.026026,0.025920,52,50,51,52,52,52,52,52
1000,5,0.15,1234,0.022022,0.021834,78,54,78,78,78,78,78,78
1000,5,0.15,4321,0.024024,0.023816,66,21,64,66,66,66,66,66
1000,5,0.15,4321,0.026026,0.025832,44,44,44,44,44,44,44,44
1000,5,0.15,1234,0.025025,0.024849,57,17,57,57,57,57,57,57
1000,5,0.15,1234,0.027027,0.027029,56,56,56,56,56,56,56,56
1000,5,0.25,1234,0.001001,0.000895,883,898,902,903,904,903,903,901
1000,5,0.25,4321,0.001001,0.000923,892,907,911,909,910,908,909,909
1000,5,0.15,1234,0.028028,0.027986,48,13,48,48,48,48,48,48
1000,5,0.25,1234,0.002002,0.001898,652,681,700,703,702,704,703,703
1000,5,0.15,4321,0.027027,0.026849,44,27,44,44,44,44,44,44
1000,5,0.25,4321,0.002002,0.001868,664,701,701,703,708,702,705,713
1000,5,0.25,1234,0.003003,0.002841,491,463,499,499,498,496,499,501
1000,5,0.25,4321,0.003003,0.002881,504,460,513,514,514,514,513,516
1000,5,0.25,4321,0.004004,0.003820,382,301,386,379,390,384,388,396
1000,5,0.25,1234,0.004004,0.003840,402,330,406,406,406,408,406,415
1000,5,0.15,4321,0.029029,0.028809,35,16,35,35,35,35,35,35
1000,5,0.25,1234,0.005005,0.004847,323,227,324,322,323,323,323,325
1000,5,0.15,4321,0.028028,0.027816,42,42,42,42,42,42,42,42
1000,5,0.25,4321,0.005005,0.004809,316,250,317,319,316,319,318,322
1000,5,0.25,1234,0.006006,0.005870,277,158,277,278,277,277,277,282
1000,5,0.25,1234,0.008008,0.007954,188,86,187,188,188,188,188,188
1000,5,0.25,4321,0.006006,0.005796,258,197,258,258,258,258,258,260
1000,5,0.15,1234,0.029029,0.028943,38,23,38,38,38,38,38,38
1000,5,0.25,4321,0.007007,0.006825,208,119,208,208,208,206,208,211
1000,5,0.25,1234,0.007007,0.006875,216,137,216,216,216,216,216,217
1000,5,0.25,4321,0.008008,0.007790,178,102,178,177,178,178,178,179
1000,5,0.25,1234,0.009009,0.008953,146,82,146,146,146,146,146,146
1000,5,0.25,4321,0.009009,0.008801,155,69,155,154,156,155,155,158
1000,5,0.25,4321,0.010010,0.009836,108,61,106,108,108,108,108,109
1000,5,0.25,1234,0.011011,0.011005,102,55,103,102,102,101,103,103
1000,5,0.25,4321,0.011011,0.010805,99,52,98,99,99,99,99,99
1000,5,0.25,1234,0.013013,0.012985,69,32,69,69,69,69,69,70
1000,5,0.25,1234,0.012012,0.011982,92,58,92,92,92,92,92,92
1000,5,0.25,1234,0.010010,0.009956,121,61,121,120,121,121,121,122
1000,5,0.25,4321,0.012012,0.011814,82,37,82,82,82,82,82,82
1000,5,0.25,4321,0.013013,0.012949,72,35,72,72,72,72,72,72
1000,5,0.25,1234,0.015015,0.014957,55,31,55,55,55,55,55,55
1000,5,0.25,1234,0.014014,0.013988,60,40,60,60,60,60,60,60
1000,5,0.25,4321,0.014014,0.013930,48,29,48,48,48,48,48,48
1000,5,0.25,1234,0.016016,0.015938,36,22,36,36,36,36,36,36
1000,5,0.25,4321,0.015015,0.014951,43,22,43,43,43,43,43,44
1000,5,0.25,4321,0.016016,0.015890,35,20,35,35,35,35,35,35
1000,5,0.25,1234,0.017017,0.016899,37,29,37,37,37,37,37,37
1000,5,0.25,1234,0.019019,0.018861,24,18,24,24,24,24,24,24
1000,5,0.25,4321,0.017017,0.016919,34,22,34,34,34,34,34,34
1000,5,0.25,4321,0.018018,0.017882,24,21,24,24,24,24,24,24
1000,5,0.25,4321,0.021021,0.020835,12,10,12,12,12,12,12,12
1000,5,0.25,1234,0.022022,0.021834,11,10,11,11,11,11,11,11
1000,5,0.25,4321,0.020020,0.019830,17,16,17,17,17,17,17,17
1000,5,0.25,4321,0.019019,0.018841,19,15,19,19,19,19,19,19
1000,5,0.25,1234,0.018018,0.017896,28,22,28,28,28,28,28,29
1000,5,0.25,1234,0.020020,0.019910,14,14,14,14,14,14,14,14
1000,5,0.25,1234,0.023023,0.022841,15,15,15,15,15,15,15,15
1000,5,0.25,4321,0.024024,0.023816,8,4,8,8,8,8,8,8
1000,5,0.25,1234,0.024024,0.023814,7,6,6,7,7,7,7,7
1000,5,0.25,4321,0.023023,0.022837,9,9,9,9,9,9,9,9
1000,5,0.25,1234,0.025025,0.024849,11,8,11,11,11,11,11,11
1000,5,0.25,1234,0.021021,0.020803,18,14,18,18,18,18,18,18
1000,5,0.25,1234,0.026026,0.025920,7,8,8,8,7,7,8,8
1000,5,0.25,4321,0.027027,0.026849,4,4,4,4,4,4,4,4
1000,5,0.25,4321,0.025025,0.024783,7,7,7,7,7,7,7,7
1000,5,0.25,1234,0.027027,0.027029,5,5,5,5,5,5,5,5
1000,5,0.25,1234,0.028028,0.027986,5,3,4,5,5,5,5,5
1000,5,0.25,4321,0.026026,0.025832,11,6,11,11,11,11,11,11
1000,5,0.25,1234,0.029029,0.028943,7,7,7,7,7,7,7,7
1000,5,0.35,1234,0.001001,0.000895,844,862,866,866,867,867,865,865
1000,5,0.25,4321,0.029029,0.028809,5,5,5,5,5,5,5,5
1000,5,0.35,4321,0.001001,0.000923,832,861,864,864,865,864,864,864
1000,5,0.25,4321,0.028028,0.027816,7,3,4,7,7,7,7,7
1000,5,0.25,4321,0.022022,0.021838,21,10,21,21,21,21,21,21
1000,5,0.35,1234,0.002002,0.001898,558,624,637,639,642,638,638,642
1000,5,0.35,4321,0.002002,0.001868,570,616,638,632,633,635,631,640
1000,5,0.35,1234,0.003003,0.002841,372,406,411,406,415,404,406,430
1000,5,0.35,4321,0.003003,0.002881,381,414,414,415,407,409,414,446
1000,5,0.35,1234,0.004004,0.003840,278,261,283,285,288,281,285,308
1000,5,0.35,4321,0.004004,0.003820,252,271,271,271,275,275,277,311
1000,5,0.35,1234,0.005005,0.004847,215,198,218,218,220,219,218,233
1000,5,0.35,1234,0.006006,0.005870,161,143,159,162,161,156,161,177
1000,5,0.35,4321,0.005005,0.004809,227,207,229,227,229,229,230,244
1000,5,0.35,4321,0.006006,0.005796,161,136,164,165,164,164,163,173
1000,5,0.35,4321,0.007007,0.006825,100,103,103,103,101,101,103,116
1000,5,0.35,1234,0.007007,0.006875,108,105,109,110,110,110,110,122
1000,5,0.35,1234,0.008008,0.007954,84,76,84,84,84,84,85,93
1000,5,0.35,1234,0.009009,0.008953,59,56,56,60,59,59,59,68
1000,5,0.35,1234,0.010010,0.009956,44,45,45,45,44,44,45,52
1000,5,0.35,1234,0.011011,0.011005,36,35,36,35,36,36,36,40
1000,5,0.35,4321,0.009009,0.008801,77,62,77,77,77,77,77,82
1000,5,0.35,4321,0.008008,0.007790,102,79,103,102,103,102,102,106
1000,5,0.35,4321,0.010010,0.009836,46,44,44,46,46,46,46,54
1000,5,0.35,1234,0.013013,0.012985,24,25,25,25,24,24,25,25
1000,5,0.35,1234,0.014014,0.013988,26,23,26,26,26,26,26,28
1000,5,0.35,4321,0.013013,0.012949,25,24,25,24,25,25,25,31
1000,5,0.35,4321,0.011011,0.010805,37,41,41,41,37,37,41,45
1000,5,0.35,4321,0.012012,0.011814,33,30,33,32,33,33,33,35
1000,5,0.35,1234,0.012012,0.011982,40,33,40,40,40,40,40,40
1000,5,0.35,4321,0.015015,0.014951,11,16,16,16,11,11,16,16
1000,5,0.35,4321,0.014014,0.013930,19,19,19,19,19,19,19,22
1000,5,0.35,1234,0.016016,0.015938,14,14,14,14,14,14,14,16
1000,5,0.35,1234,0.017017,0.016899,8,13,13,13,8,8,13,13
1000,5,0.35,4321,0.017017,0.016919,8,10,10,10,8,7,10,10
1000,5,0.35,4321,0.016016,0.015890,11,12,12,12,11,10,12,12
1000,5,0.35,1234,0.015015,0.014957,16,17,17,17,16,16,17,17
1000,5,0.35,1234,0.019019,0.018861,5,7,7,7,5,4,7,7
1000,5,0.35,4321,0.018018,0.017882,5,5,5,5,5,4,5,5
1000,5,0.35,4321,0.019019,0.018841,5,7,7,7,5,4,7,7
1000,5,0.35,1234,0.018018,0.017896,8,12,12,12,8,8,12,12
1000,5,0.35,1234,0.020020,0.019910,4,6,6,6,4,3,6,6
1000,5,0.35,4321,0.020020,0.019830,6,7,7,7,6,3,7,7
1000,5,0.35,1234,0.021021,0.020803,7,7,7,7,7,6,7,7
1000,5,0.35,4321,0.023023,0.022837,2,2,2,2,2,1,2,2
1000,5,0.35,1234,0.022022,0.021834,3,5,5,5,3,2,5,5
1000,5,0.35,4321,0.021021,0.020835,7,3,3,4,7,2,7,7
1000,5,0.35,1234,0.024024,0.023814,1,3,3,3,2,1,3,3
1000,5,0.35,1234,0.025025,0.024849,2,2,2,2,2,1,2,2
1000,5,0.35,4321,0.022022,0.021838,2,4,4,4,2,2,4,4
1000,5,0.35,1234,0.023023,0.022841,6,7,7,7,6,5,7,7
1000,5,0.35,1234,0.026026,0.025920,1,2,2,2,1,1,2,2
1000,5,0.35,4321,0.027027,0.026849,2,2,2,2,2,1,2,2
1000,5,0.35,4321,0.024024,0.023816,2,4,4,4,2,1,4,4
1000,5,0.35,1234,0.028028,0.027986,1,2,2,2,1,1,2,2
1000,10,0.05,1234,0.001001,0.000895,990,993,993,993,993,993,993,993
1000,5,0.35,4321,0.026026,0.025832,1,1,1,1,1,0,1,1
1000,5,0.35,4321,0.025025,0.024783,3,3,3,3,3,1,3,3
1000,5,0.35,4321,0.028028,0.027816,2,2,2,2,2,1,2,2
1000,5,0.35,4321,0.029029,0.028809,0,0,0,0,0,0,0,0
1000,5,0.35,1234,0.029029,0.028943,1,1,1,1,1,0,1,1
1000,5,0.35,1234,0.027027,0.027029,2,1,1,1,2,1,2,2
1000,10,0.05,4321,0.001001,0.000923,985,988,989,989,989,989,989,988
1000,10,0.05,4321,0.002002,0.001868,913,814,913,910,913,907,913,913
1000,10,0.05,1234,0.003003,0.002841,865,747,865,851,865,865,865,865
1000,10,0.05,1234,0.002002,0.001898,904,833,906,904,906,906,906,905
1000,10,0.05,1234,0.004004,0.003840,817,739,817,807,817,817,817,817
1000,10,0.05,4321,0.004004,0.003820,837,531,837,837,837,818,837,837
1000,10,0.05,4321,0.005005,0.004809,793,769,793,793,793,793,793,793
1000,10,0.05,4321,0.006006,0.005796,781,589,746,754,781,781,781,781
1000,10,0.05,4321,0.003003,0.002881,864,615,843,864,864,864,864,864
1000,10,0.05,1234,0.007007,0.006875,717,706,708,717,717,708,717,717
1000,10,0.05,4321,0.007007,0.006825,731,644,707,690,731,731,731,731
1000,10,0.05,1234,0.008008,0.007954,683,607,683,683,683,681,683,683
1000,10,0.05,1234,0.009009,0.008953,654,286,648,648,654,647,654,654
1000,10,0.05,1234,0.010010,0.009956,641,438,641,641,641,627,641,641
1000,10,0.05,1234,0.005005,0.004847,789,697,782,789,789,789,789,789
1000,10,0.05,4321,0.009009,0.008801,692,692,692,692,692,657,692,692
1000,10,0.05,1234,0.011011,0.011005,601,259,576,588,601,600,601,601
1000,10,0.05,4321,0.011011,0.010805,621,621,621,621,621,621,621,621
1000,10,0.05,4321,0.010010,0.009836,647,595,647,647,647,647,647,647
1000,10,0.05,1234,0.006006,0.005870,749,736,740,749,749,749,749,749
1000,10,0.05,1234,0.012012,0.011982,575,358,575,575,575,565,575,575
1000,10,0.05,4321,0.012012,0.011814,600,545,600,600,600,579,600,600
1000,10,0.05,4321,0.008008,0.007790,699,316,661,699,699,699,699,699
1000,10,0.05,4321,0.013013,0.012949,582,582,582,582,582,524,582,582
1000,10,0.05,1234,0.014014,0.013988,536,524,524,536,536,536,536,536
1000,10,0.05,4321,0.014014,0.013930,554,505,517,529,554,554,554,554
1000,10,0.05,1234,0.015015,0.014957,515,508,508,508,515,515,515,515
1000,10,0.05,4321,0.015015,0.014951,538,374,533,499,538,538,538,538
1000,10,0.05,1234,0.016016,0.015938,474,329,449,472,474,474,474,474
1000,10,0.05,4321,0.016016,0.015890,520,520,520,520,520,485,520,520
1000,10,0.05,1234,0.017017,0.016899,463,463,463,463,463,452,463,463
1000,10,0.05,4321,0.017017,0.016919,489,425,489,428,489,489,489,489
1000,10,0.05,1234,0.018018,0.017896,442,442,442,442,442,440,442,442
1000,10,0.05,4321,0.018018,0.017882,488,333,488,484,488,480,488,488
1000,10,0.05,1234,0.019019,0.018861,425,279,412,403,425,421,425,425
1000,10,0.05,4321,0.019019,0.018841,451,395,451,395,451,405,451,451
1000,10,0.05,1234,0.020020,0.019910,411,240,409,409,411,411,411,411
1000,10,0.05,1234,0.013013,0.012985,549,287,513,527,549,549,549,549
1000,10,0.05,4321,0.020020,0.019830,433,369,419,433,433,433,433,433
1000,10,0.05,1234,0.021021,0.020803,408,407,408,407,408,407,408,408
1000,10,0.05,4321,0.021021,0.020835,421,348,348,352,421,361,421,421
1000,10,0.05,1234,0.022022,0.021834,368,190,366,366,368,368,368,368
1000,10,0.05,1234,0.023023,0.022841,355,183,347,355,355,355,355,355
1000,10,0.05,1234,0.024024,0.023814,334,313,323,313,334,334,334,334
1000,10,0.05,4321,0.022022,0.021838,407,18,407,387,407,389,407,407
1000,10,0.05,4321,0.024024,0.023816,379,379,379,379,379,379,379,379
1000,10,0.05,4321,0.023023,0.022837,396,342,362,396,396,396,396,396
1000,10,0.05,1234,0.025025,0.024849,340,140,337,337,340,340,340,340
1000,10,0.05,4321,0.025025,0.024783,365,365,365,365,365,339,365,365
1000,10,0.05,4321,0.026026,0.025832,347,283,327,283,347,347,347,347
1000,10,0.05,4321,0.027027,0.026849,346,346,346,346,346,313,346,346
1000,10,0.05,1234,0.028028,0.027986,291,286,286,286,291,286,291,291
1000,10,0.05,1234,0.026026,0.025920,324,297,324,324,324,324,324,324
1000,10,0.15,1234,0.001001,0.000895,939,952,954,955,953,955,954,953
1000,10,0.15,4321,0.001001,0.000923,943,954,957,956,957,957,956,956
1000,10,0.05,4321,0.028028,0.027816,323,243,323,243,323,323,323,323
1000,10,0.05,1234,0.027027,0.027029,291,289,291,291,291,284,291,291
1000,10,0.15,1234,0.002002,0.001898,758,743,771,777,776,770,774,773
1000,10,0.15,4321,0.002002,0.001868,763,739,769,772,771,775,774,772
1000,10,0.05,1234,0.029029,0.028943,274,274,274,274,274,274,274,274
1000,10,0.15,1234,0.003003,0.002841,628,511,631,631,632,631,631,634
1000,10,0.15,4321,0.003003,0.002881,643,506,648,646,648,648,648,648
1000,10,0.15,4321,0.004004,0.003820,527,345,528,528,530,528,528,529
1000,10,0.15,1234,0.004004,0.003840,537,337,539,537,538,538,538,541
1000,10,0.05,4321,0.029029,0.028809,332,271,332,271,332,332,332,332
1000,10,0.15,1234,0.007007,0.006875,348,191,348,348,348,345,348,348
1000,10,0.15,1234,0.005005,0.004847,465,306,465,464,465,465,465,466
1000,10,0.15,4321,0.007007,0.006825,383,214,377,383,383,383,383,383
1000,10,0.15,4321,0.006006,0.005796,431,205,431,431,431,429,431,431
1000,10,0.15,4321,0.005005,0.004809,479,407,479,479,479,479,479,479
1000,10,0.15,1234,0.006006,0.005870,419,181,419,419,419,419,419,419
1000,10,0.15,1234,0.010010,0.009956,245,74,239,245,245,245,245,245
1000,10,0.15,4321,0.008008,0.007790,324,115,324,324,324,324,324,324
1000,10,0.15,1234,0.008008,0.007954,296,113,296,296,296,295,296,296
1000,10,0.15,4321,0.009009,0.008801,303,115,303,303,303,278,303,303
1000,10,0.15,1234,0.011011,0.011005,204,51,201,204,204,204,204,204
1000,10,0.15,4321,0.010010,0.009836,247,113,247,247,247,247,247,247
1000,10,0.15,1234,0.009009,0.008953,289,84,267,289,289,289,289,289
1000,10,0.15,1234,0.012012,0.011982,173,47,173,173,173,169,173,173
1000,10,0.15,1234,0.013013,0.012985,155,72,155,154,155,155,155,155
1000,10,0.15,4321,0.012012,0.011814,204,131,188,204,204,204,204,204
1000,10,0.15,4321,0.014014,0.013930,144,93,144,144,144,144,144,144
1000,10,0.15,4321,0.011011,0.010805,226,68,226,226,226,226,226,226
1000,10,0.15,4321,0.016016,0.015890,120,26,119,120,120,119,120,120
1000,10,0.15,1234,0.015015,0.014957,146,63,146,146,146,146,146,146
1000,10,0.15,4321,0.013013,0.012949,191,44,191,191,191,191,191,191
1000,10,0.15,1234,0.014014,0.013988,138,87,138,138,138,138,138,138
1000,10,0.15,1234,0.017017,0.016899,104,66,104,104,104,104,104,104
1000,10,0.15,1234,0.016016,0.015938,114,27,114,114,114,114,114,114
1000,10,0.15,4321,0.015015,0.014951,124,93,124,124,124,124,124,124
1000,10,0.15,1234,0.019019,0.018861,87,32,86,64,87,85,87,87
1000,10,0.15,4321,0.019019,0.018841,82,28,82,82,82,82,82,82
1000,10,0.15,4321,0.018018,0.017882,89,89,89,89,89,89,89,89
1000,10,0.15,4321,0.020020,0.019830,60,34,60,60,60,54,60,60
1000,10,0.15,1234,0.020020,0.019910,61,30,61,61,61,61,61,61
1000,10,0.15,4321,0.022022,0.021838,59,15,59,59,59,50,59,59
1000,10,0.15,4321,0.017017,0.016919,109,36,109,109,109,109,109,109
1000,10,0.15,4321,0.021021,0.020835,57,57,57,57,57,57,57,57
1000,10,0.15,1234,0.018018,0.017896,87,35,87,86,87,87,87,87
1000,10,0.15,1234,0.021021,0.020803,71,17,71,36,71,71,71,71
1000,10,0.15,1234,0.023023,0.022841,43,41,41,41,43,43,43,43
1000,10,0.15,4321,0.023023,0.022837,48,17,48,43,48,41,48,48
1000,10,0.15,1234,0.024024,0.023814,30,11,29,26,30,30,30,30
1000,10,0.15,1234,0.025025,0.024849,36,23,35,23,36,27,36,36
1000,10,0.15,1234,0.022022,0.021834,46,13,46,45,46,46,46,46
1000,10,0.15,4321,0.025025,0.024783,37,12,37,36,37,34,37,37
1000,10,0.15,4321,0.024024,0.023816,45,11,44,11,45,45,45,45
1000,10,0.15,4321,0.028028,0.027816,31,31,31,31,31,29,31,31
1000,10,0.15,1234,0.026026,0.025920,37,13,37,31,37,37,37,37
1000,10,0.25,1234,0.001001,0.000895,867,892,895,894,894,895,895,893
1000,10,0.15,1234,0.028028,0.027986,24,9,24,22,24,24,24,24
1000,10,0.25,4321,0.001001,0.000923,890,909,910,911,910,911,910,911
1000,10,0.25,1234,0.002002,0.001898,623,666,671,672,678,678,678,682
1000,10,0.15,4321,0.027027,0.026849,34,8,34,10,34,34,34,34
1000,10,0.15,4321,0.026026,0.025832,27,14,26,22,27,26,27,27
1000,10,0.25,4321,0.002002,0.001868,641,686,695,692,696,695,699,698
1000,10,0.25,1234,0.003003,0.002841,462,437,469,437,477,473,474,479
1000,10,0.25,4321,0.003003,0.002881,455,435,467,454,465,469,465,477
1000,10,0.15,1234,0.027027,0.027029,30,30,30,30,30,23,30,30
1000,10,0.25,1234,0.004004,0.003840,370,290,376,376,375,377,378,389
1000,10,0.15,4321,0.029029,0.028809,25,9,12,9,25,24,25,25
1000,10,0.25,4321,0.004004,0.003820,325,290,331,328,337,338,336,353
1000,10,0.15,1234,0.029029,0.028943,26,9,25,26,26,26,26,26
1000,10,0.25,1234,0.005005,0.004847,277,206,277,267,280,283,281,286
1000,10,0.25,4321,0.005005,0.004809,287,211,286,277,288,289,291,296
1000,10,0.25,4321,0.006006,0.005796,227,153,227,219,227,226,227,230
1000,10,0.25,1234,0.007007,0.006875,178,113,179,164,178,178,178,181
1000,10,0.25,1234,0.006006,0.005870,239,145,239,238,239,238,239,243
1000,10,0.25,4321,0.007007,0.006825,179,132,173,177,180,178,179,182
1000,10,0.25,4321,0.010010,0.009836,85,53,81,65,85,81,85,87
1000,10,0.25,1234,0.008008,0.007954,137,88,135,128,137,137,137,142
1000,10,0.25,1234,0.010010,0.009956,89,55,89,85,89,86,89,91
1000,10,0.25,1234,0.009009,0.008953,106,69,104,105,106,106,106,108
1000,10,0.25,4321,0.011011,0.010805,78,48,76,74,78,77,78,79
1000,10,0.25,4321,0.008008,0.007790,142,97,141,143,142,140,142,145
1000,10,0.25,1234,0.011011,0.011005,71,46,66,68,71,71,71,73
1000,10,0.25,4321,0.012012,0.011814,63,37,58,54,63,63,63,65
1000,10,0.25,4321,0.009009,0.008801,130,70,130,130,130,130,130,130
1000,10,0.25,1234,0.013013,0.012985,49,24,48,43,49,49,49,50
1000,10,0.25,1234,0.012012,0.011982,63,34,63,56,63,59,63,63
1000,10,0.25,4321,0.015015,0.014951,36,21,36,35,36,36,36,36
1000,10,0.25,4321,0.014014,0.013930,31,23,30,27,31,31,31,31
1000,10,0.25,1234,0.014014,0.013988,40,28,34,38,40,36,40,40
1000,10,0.25,4321,0.016016,0.015890,26,18,25,24,26,25,26,26
1000,10,0.25,4321,0.013013,0.012949,47,29,47,47,47,43,47,48
1000,10,0.25,1234,0.015015,0.014957,39,27,36,38,39,36,39,39
1000,10,0.25,1234,0.017017,0.016899,24,18,22,23,24,18,24,24
1000,10,0.25,4321,0.018018,0.017882,17,14,14,17,17,11,17,17
1000,10,0.25,1234,0.016016,0.015938,27,20,24,20,27,27,27,27
1000,10,0.25,1234,0.019019,0.018861,16,12,15,12,16,8,16,16
1000,10,0.25,4321,0.017017,0.016919,20,15,19,17,20,19,20,20
1000,10,0.25,4321,0.020020,0.019830,11,10,10,10,11,7,11,11
1000,10,0.25,4321,0.019019,0.018841,13,11,13,13,13,12,13,13
1000,10,0.25,4321,0.021021,0.020835,10,9,9,9,10,7,10,10
1000,10,0.25,1234,0.018018,0.017896,21,15,21,15,21,19,21,21
1000,10,0.25,1234,0.022022,0.021834,6,7,7,7,6,6,7,7
1000,10,0.25,1234,0.021021,0.020803,12,8,8,8,12,12,12,12
1000,10,0.25,1234,0.023023,0.022841,10,9,9,9,10,7,10,10
1000,10,0.25,1234,0.020020,0.019910,10,10,10,10,10,8,10,10
1000,10,0.25,1234,0.024024,0.023814,4,4,4,4,4,1,4,4
1000,10,0.25,4321,0.023023,0.022837,8,8,8,8,8,2,8,8
1000,10,0.25,4321,0.024024,0.023816,5,7,7,7,5,2,7,7
1000,10,0.25,1234,0.025025,0.024849,9,6,6,6,9,1,9,9
1000,10,0.25,4321,0.025025,0.024783,4,5,5,5,4,1,5,5
1000,10,0.25,1234,0.026026,0.025920,5,5,5,5,5,1,5,5
1000,10,0.25,4321,0.026026,0.025832,3,5,5,5,3,0,5,5
1000,10,0.25,1234,0.027027,0.027029,2,3,3,3,2,0,3,3
1000,10,0.25,4321,0.022022,0.021838,12,9,10,9,12,12,12,12
1000,10,0.25,1234,0.028028,0.027986,2,2,2,2,2,0,2,2
1000,10,0.25,4321,0.027027,0.026849,3,2,2,2,3,1,3,3
1000,10,0.25,4321,0.028028,0.027816,3,4,4,4,3,0,4,4
1000,10,0.35,1234,0.001001,0.000895,813,846,848,848,848,849,849,849
1000,10,0.35,4321,0.001001,0.000923,824,856,860,862,861,861,860,859
1000,10,0.25,1234,0.029029,0.028943,4,4,4,4,4,0,4,4
1000,10,0.25,4321,0.029029,0.028809,3,4,4,4,3,1,4,4
1000,10,0.35,1234,0.002002,0.001898,516,600,604,600,608,606,609,615
1000,10,0.35,4321,0.002002,0.001868,540,615,620,617,623,622,620,626
1000,10,0.35,1234,0.003003,0.002841,348,377,377,377,378,380,382,402
1000,10,0.35,4321,0.003003,0.002881,350,389,389,389,385,379,389,410
1000,10,0.35,1234,0.004004,0.003840,241,253,253,253,256,248,253,274
1000,10,0.35,4321,0.004004,0.003820,221,254,254,254,236,223,254,280
1000,10,0.35,1234,0.005005,0.004847,174,168,179,168,180,178,179,198
1000,10,0.35,4321,0.005005,0.004809,192,179,194,182,197,183,195,207
1000,10,0.35,1234,0.006006,0.005870,119,118,118,118,119,118,119,135
1000,10,0.35,4321,0.006006,0.005796,134,125,126,125,134,131,136,147
1000,10,0.35,4321,0.007007,0.006825,79,89,89,89,79,73,89,93
1000,10,0.35,1234,0.007007,0.006875,87,97,97,97,87,87,97,100
1000,10,0.35,1234,0.008008,0.007954,57,62,62,62,58,56,62,72
1000,10,0.35,4321,0.008008,0.007790,74,72,74,72,74,70,74,84
1000,10,0.35,4321,0.009009,0.008801,58,53,55,53,58,58,58,61
1000,10,0.35,1234,0.010010,0.009956,32,41,41,41,32,31,41,41
1000,10,0.35,4321,0.010010,0.009836,42,40,40,40,42,40,42,45
1000,10,0.35,1234,0.009009,0.008953,43,46,46,46,43,43,46,47
1000,10,0.35,4321,0.011011,0.010805,26,31,31,31,26,22,31,31
1000,10,0.35,1234,0.011011,0.011005,26,30,30,30,26,11,30,30
1000,10,0.35,4321,0.012012,0.011814,21,22,22,22,21,19,22,22
1000,10,0.35,4321,0.013013,0.012949,14,24,24,24,14,11,24,24
1000,10,0.35,1234,0.014014,0.013988,16,21,21,21,16,10,21,21
1000,10,0.35,4321,0.014014,0.013930,15,17,17,17,15,8,17,17
1000,10,0.35,1234,0.012012,0.011982,24,25,25,25,24,22,25,26
1000,10,0.35,1234,0.013013,0.012985,16,23,23,23,16,11,23,23
1000,10,0.35,1234,0.015015,0.014957,10,15,15,15,10,3,15,15
1000,10,0.35,4321,0.015015,0.014951,8,12,12,12,8,2,12,12
1000,10,0.35,1234,0.016016,0.015938,10,11,11,11,10,7,11,11
1000,10,0.35,4321,0.016016,0.015890,7,11,11,11,7,1,11,11
1000,10,0.35,1234,0.017017,0.016899,8,8,8,8,8,1,8,8
1000,10,0.35,4321,0.017017,0.016919,4,7,7,7,4,1,7,7
1000,10,0.35,4321,0.018018,0.017882,3,5,5,5,3,0,5,5
1000,10,0.35,1234,0.018018,0.017896,6,9,9,9,6,1,9,9
1000,10,0.35,1234,0.019019,0.018861,5,6,6,6,5,1,6,6
1000,10,0.35,4321,0.020020,0.019830,4,4,4,4,4,0,4,4
1000,10,0.35,1234,0.020020,0.019910,3,5,5,5,3,0,5,5
1000,10,0.35,1234,0.021021,0.020803,4,4,4,4,4,0,4,4
1000,10,0.35,1234,0.024024,0.023814,0,0,0,0,0,0,0,0
1000,10,0.35,1234,0.022022,0.021834,2,4,4,4,2,0,4,4
1000,10,0.35,4321,0.021021,0.020835,2,2,2,2,2,0,2,2
1000,10,0.35,4321,0.019019,0.018841,4,7,7,7,4,0,7,7
1000,10,0.35,4321,0.025025,0.024783,1,1,1,1,1,0,1,1
1000,10,0.35,1234,0.025025,0.024849,1,1,1,1,1,0,1,1
1000,10,0.35,4321,0.022022,0.021838,2,5,5,5,2,0,5,5
1000,10,0.35,1234,0.027027,0.027029,0,0,0,0,0,0,0,0
1000,10,0.35,4321,0.023023,0.022837,1,1,1,1,1,0,1,1
1000,10,0.35,4321,0.026026,0.025832,1,1,1,1,1,0,1,1
1000,10,0.35,1234,0.026026,0.025920,1,2,2,2,1,0,2,2
1000,10,0.35,4321,0.024024,0.023816,1,1,1,1,1,0,1,1
1000,10,0.35,1234,0.023023,0.022841,5,6,6,6,5,0,6,6
1000,10,0.35,1234,0.028028,0.027986,0,0,0,0,0,0,0,0
1000,15,0.05,1234,0.001001,0.000895,989,993,993,993,993,993,993,993
1000,10,0.35,4321,0.027027,0.026849,0,0,0,0,0,0,0,0
1000,10,0.35,4321,0.028028,0.027816,1,1,1,1,1,0,1,1
1000,10,0.35,4321,0.029029,0.028809,0,0,0,0,0,0,0,0
1000,10,0.35,1234,0.029029,0.028943,1,1,1,1,1,0,1,1
1000,15,0.05,4321,0.001001,0.000923,987,990,990,991,991,991,991,990
1000,15,0.05,4321,0.002002,0.001868,901,817,900,900,901,901,901,901
1000,15,0.05,1234,0.002002,0.001898,898,818,902,900,902,903,902,901
1000,15,0.05,1234,0.005005,0.004847,777,677,777,773,777,768,777,777
1000,15,0.05,4321,0.005005,0.004809,774,624,761,774,774,762,774,774
1000,15,0.05,4321,0.003003,0.002881,852,612,842,849,852,852,852,852
1000,15,0.05,1234,0.006006,0.005870,740,725,740,740,740,725,740,740
1000,15,0.05,4321,0.004004,0.003820,815,458,807,815,815,804,815,815
1000,15,0.05,4321,0.007007,0.006825,703,643,703,703,703,685,703,703
1000,15,0.05,1234,0.004004,0.003840,807,732,807,800,807,807,807,807
1000,15,0.05,1234,0.003003,0.002841,856,687,856,856,856,856,856,856
1000,15,0.05,1234,0.008008,0.007954,679,585,679,656,679,662,679,679
1000,15,0.05,4321,0.008008,0.007790,673,487,656,673,673,673,673,673
1000,15,0.05,1234,0.009009,0.008953,647,305,647,633,647,633,647,647
1000,15,0.05,4321,0.009009,0.008801,654,633,640,633,654,654,654,654
1000,15,0.05,1234,0.010010,0.009956,618,421,603,617,618,604,618,618
1000,15,0.05,4321,0.010010,0.009836,609,598,598,609,609,591,609,609
1000,15,0.05,1234,0.011011,0.011005,586,476,573,586,586,586,586,586
1000,15,0.05,4321,0.011011,0.010805,586,568,568,569,586,567,586,586
1000,15,0.05,1234,0.012012,0.011982,566,352,542,566,566,541,566,566
1000,15,0.05,4321,0.006006,0.005796,754,743,743,754,754,754,754,754
1000,15,0.05,4321,0.012012,0.011814,569,547,550,569,569,550,569,569
1000,15,0.05,1234,0.013013,0.012985,529,403,506,516,529,516,529,529
1000,15,0.05,4321,0.013013,0.012949,537,510,537,537,537,537,537,537
1000,15,0.05,1234,0.014014,0.013988,525,497,498,499,525,502,525,525
1000,15,0.05,4321,0.014014,0.013930,521,491,521,507,521,506,521,521
1000,15,0.05,1234,0.015015,0.014957,495,482,490,495,495,477,495,495
1000,15,0.05,4321,0.015015,0.014951,495,330,495,477,495,495,495,495
1000,15,0.05,1234,0.016016,0.015938,457,317,439,457,457,443,457,457
1000,15,0.05,4321,0.016016,0.015890,477,449,453,463,477,458,477,477
1000,15,0.05,1234,0.017017,0.016899,453,426,426,431,453,424,453,453
1000,15,0.05,4321,0.017017,0.016919,450,425,425,425,450,413,450,450
1000,15,0.05,1234,0.018018,0.017896,435,405,424,412,435,435,435,435
1000,15,0.05,4321,0.018018,0.017882,448,176,416,176,448,429,448,448
1000,15,0.05,1234,0.019019,0.018861,406,384,385,384,406,386,406,406
1000,15,0.05,4321,0.019019,0.018841,410,176,381,176,410,392,410,410
1000,15,0.05,1234,0.020020,0.019910,408,376,408,376,408,142,408,408
1000,15,0.05,4321,0.020020,0.019830,387,363,363,387,387,387,387,387
1000,15,0.05,4321,0.021021,0.020835,360,214,339,215,360,360,360,360
1000,15,0.05,1234,0.022022,0.021834,353,165,319,329,353,353,353,353
1000,15,0.05,1234,0.021021,0.020803,401,393,393,393,401,124,401,401
1000,15,0.05,1234,0.007007,0.006875,707,690,707,693,707,707,707,707
1000,15,0.05,4321,0.022022,0.021838,380,351,380,380,380,47,380,380
1000,15,0.05,1234,0.023023,0.022841,341,166,208,166,341,319,341,341
1000,15,0.05,4321,0.023023,0.022837,339,326,327,339,339,305,339,339
1000,15,0.05,1234,0.024024,0.023814,326,301,301,301,326,41,326,326
1000,15,0.05,1234,0.025025,0.024849,324,142,303,142,324,12,324,324
1000,15,0.05,4321,0.025025,0.024783,324,286,324,286,324,324,324,324
1000,15,0.05,4321,0.024024,0.023816,338,305,320,338,338,5,338,338
1000,15,0.05,1234,0.026026,0.025920,316,288,316,316,316,272,316,316
1000,15,0.05,4321,0.026026,0.025832,302,302,302,302,302,85,302,302
1000,15,0.05,1234,0.028028,0.027986,270,259,259,259,270,270,270,270
1000,15,0.15,1234,0.001001,0.000895,937,953,954,954,953,954,954,954
1000,15,0.15,4321,0.001001,0.000923,946,955,958,960,958,958,958,958
1000,15,0.05,1234,0.027027,0.027029,281,261,268,261,281,91,281,281
1000,15,0.05,4321,0.028028,0.027816,258,230,258,250,258,41,258,258
1000,15,0.15,1234,0.002002,0.001898,748,742,768,759,767,770,766,767
1000,15,0.15,4321,0.002002,0.001868,753,734,762,755,769,766,770,767
1000,15,0.05,4321,0.027027,0.026849,293,264,264,264,293,263,293,293
1000,15,0.05,1234,0.029029,0.028943,264,238,260,238,264,122,264,264
1000,15,0.15,1234,0.003003,0.002841,615,496,619,607,622,623,621,626
1000,15,0.15,4321,0.003003,0.002881,626,509,629,630,630,630,633,637
1000,15,0.05,4321,0.029029,0.028809,286,251,253,251,286,34,286,286
1000,15,0.15,1234,0.004004,0.003840,522,321,524,521,523,524,524,527
1000,15,0.15,4321,0.004004,0.003820,514,322,515,515,515,515,516,516
1000,15,0.15,1234,0.005005,0.004847,448,241,449,448,448,447,448,450
1000,15,0.15,4321,0.005005,0.004809,458,268,458,457,458,458,458,458
1000,15,0.15,4321,0.007007,0.006825,369,157,349,367,369,369,369,369
1000,15,0.15,1234,0.006006,0.005870,399,220,399,399,399,399,399,399
1000,15,0.15,4321,0.006006,0.005796,411,380,412,412,413,412,412,413
1000,15,0.15,1234,0.008008,0.007954,280,117,280,279,280,264,280,280
1000,15,0.15,4321,0.010010,0.009836,221,71,221,221,221,220,221,221
1000,15,0.15,1234,0.007007,0.006875,331,196,331,330,331,331,331,331
1000,15,0.15,4321,0.008008,0.007790,313,173,313,313,313,313,313,313
1000,15,0.15,1234,0.010010,0.009956,240,138,240,240,240,240,240,240
1000,15,0.15,4321,0.009009,0.008801,281,124,281,281,281,281,281,281
1000,15,0.15,1234,0.009009,0.008953,280,76,280,279,280,280,280,280
1000,15,0.15,4321,0.011011,0.010805,205,69,205,204,205,205,205,205
1000,15,0.15,4321,0.012012,0.011814,188,90,188,185,188,185,188,188
1000,15,0.15,1234,0.013013,0.012985,145,38,145,144,145,145,145,145
1000,15,0.15,1234,0.011011,0.011005,191,115,191,191,191,191,191,191
1000,15,0.15,1234,0.012012,0.011982,163,46,163,163,163,162,163,163
1000,15,0.15,4321,0.014014,0.013930,128,35,126,128,128,128,128,128
1000,15,0.15,4321,0.013013,0.012949,160,57,160,160,160,160,160,160
1000,15,0.15,1234,0.014014,0.013988,131,86,131,131,131,131,131,131
1000,15,0.15,4321,0.016016,0.015890,103,75,103,100,103,103,103,103
1000,15,0.15,1234,0.015015,0.014957,129,46,129,129,129,14,129,129
1000,15,0.15,4321,0.015015,0.014951,103,72,103,100,103,103,103,103
1000,15,0.15,4321,0.018018,0.017882,75,24,75,24,75,73,75,75
1000,15,0.15,1234,0.017017,0.016899,96,38,95,40,96,96,96,96
1000,15,0.15,4321,0.019019,0.018841,74,52,74,52,74,74,74,74
1000,15,0.15,1234,0.016016,0.015938,99,27,99,27,99,99,99,99
1000,15,0.15,1234,0.018018,0.017896,85,27,85,84,85,5,85,85
1000,15,0.15,1234,0.019019,0.018861,75,35,67,35,75,75,75,75
1000,15,0.15,4321,0.020020,0.019830,54,19,19,19,54,54,54,54
1000,15,0.15,1234,0.022022,0.021834,40,36,36,36,40,36,40,40
1000,15,0.15,1234,0.021021,0.020803,63,52,63,59,63,9,63,63
1000,15,0.15,4321,0.021021,0.020835,48,22,22,41,48,34,48,48
1000,15,0.15,4321,0.017017,0.016919,95,21,95,95,95,95,95,95
1000,15,0.15,4321,0.022022,0.021838,50,18,18,18,50,4,50,50
1000,15,0.15,4321,0.023023,0.022837,51,23,51,23,51,5,51,51
1000,15,0.15,1234,0.020020,0.019910,50,44,45,44,50,50,50,50
1000,15,0.15,1234,0.024024,0.023814,25,12,12,12,25,2,25,25
1000,15,0.15,4321,0.024024,0.023816,42,12,42,12,42,7,42,42
1000,15,0.15,1234,0.023023,0.022841,40,26,39,26,40,22,40,40
1000,15,0.15,1234,0.026026,0.025920,30,13,13,13,30,5,30,30
1000,15,0.15,4321,0.027027,0.026849,25,6,6,6,25,17,25,25
1000,15,0.15,4321,0.026026,0.025832,21,21,21,21,21,17,21,21
1000,15,0.15,4321,0.029029,0.028809,23,9,21,22,23,14,23,23
1000,15,0.15,1234,0.029029,0.028943,23,6,6,22,23,3,23,23
1000,15,0.25,1234,0.001001,0.000895,861,889,891,892,892,893,893,891
1000,15,0.25,4321,0.001001,0.000923,876,900,900,900,901,900,902,902
1000,15,0.15,1234,0.025025,0.024849,31,10,10,10,31,28,31,31
1000,15,0.15,4321,0.028028,0.027816,24,21,21,21,24,1,24,24
1000,15,0.15,1234,0.027027,0.027029,26,26,26,26,26,26,26,26
1000,15,0.15,1234,0.028028,0.027986,22,22,22,22,22,6,22,22
1000,15,0.25,1234,0.002002,0.001898,604,663,670,666,669,677,673,677
1000,15,0.15,4321,0.025025,0.024783,30,21,30,21,30,29,30,30
1000,15,0.25,4321,0.002002,0.001868,630,678,684,683,685,682,678,689
1000,15,0.25,1234,0.003003,0.002841,450,423,430,423,469,440,468,471
1000,15,0.25,4321,0.003003,0.002881,443,421,445,421,448,452,455,466
1000,15,0.25,1234,0.004004,0.003840,339,283,351,283,341,345,348,362
1000,15,0.25,4321,0.004004,0.003820,315,280,280,280,326,325,330,348
1000,15,0.25,1234,0.005005,0.004847,267,189,266,235,269,261,270,277
1000,15,0.25,4321,0.005005,0.004809,267,210,257,243,270,268,267,276
1000,15,0.25,1234,0.006006,0.005870,223,143,221,203,223,220,224,228
1000,15,0.25,4321,0.006006,0.005796,217,147,217,181,218,217,217,221
1000,15,0.25,1234,0.008008,0.007954,131,88,131,112,131,131,131,136
1000,15,0.25,4321,0.007007,0.006825,165,109,166,132,167,160,166,170
1000,15,0.25,4321,0.008008,0.007790,137,95,134,134,137,132,137,140
1000,15,0.25,1234,0.007007,0.006875,160,106,152,152,161,159,160,162
1000,15,0.25,1234,0.009009,0.008953,106,65,104,89,106,106,106,108
1000,15,0.25,4321,0.009009,0.008801,111,70,75,109,111,108,111,115
1000,15,0.25,1234,0.011011,0.011005,62,39,59,58,62,61,62,63
1000,15,0.25,1234,0.010010,0.009956,89,54,89,69,89,89,89,91
1000,15,0.25,1234,0.012012,0.011982,55,42,47,47,55,54,55,55
1000,15,0.25,4321,0.010010,0.009836,75,49,72,59,75,75,75,77
1000,15,0.25,1234,0.013013,0.012985,44,29,29,29,44,39,44,44
1000,15,0.25,1234,0.014014,0.013988,37,27,27,27,37,10,37,38
1000,15,0.25,4321,0.014014,0.013930,28,22,22,22,28,26,28,28
1000,15,0.25,4321,0.013013,0.012949,43,33,33,33,43,43,43,45
1000,15,0.25,4321,0.011011,0.010805,67,47,53,65,67,61,67,67
1000,15,0.25,4321,0.012012,0.011814,54,40,49,40,54,54,54,55
1000,15,0.25,4321,0.015015,0.014951,25,23,23,23,25,22,25,25
1000,15,0.25,1234,0.016016,0.015938,24,22,22,22,24,20,24,24
1000,15,0.25,4321,0.016016,0.015890,22,16,16,16,22,18,22,22
1000,15,0.25,4321,0.017017,0.016919,18,15,15,15,18,4,18,18
1000,15,0.25,4321,0.018018,0.017882,14,11,11,11,14,1,14,14
1000,15,0.25,1234,0.018018,0.017896,17,11,11,11,17,10,17,17
1000,15,0.25,1234,0.017017,0.016899,20,17,19,17,20,9,20,20
1000,15,0.25,1234,0.015015,0.014957,40,26,26,32,40,36,40,40
1000,15,0.25,4321,0.019019,0.018841,10,11,11,11,10,3,11,11
1000,15,0.25,1234,0.019019,0.018861,14,11,11,11,14,1,14,14
1000,15,0.25,1234,0.020020,0.019910,7,11,11,11,7,0,11,11
1000,15,0.25,4321,0.020020,0.019830,9,12,12,12,9,0,12,12
1000,15,0.25,4321,0.021021,0.020835,9,7,7,7,9,0,9,9
1000,15,0.25,1234,0.021021,0.020803,11,9,9,9,11,9,11,11
1000,15,0.25,1234,0.022022,0.021834,6,6,6,6,6,0,6,6
1000,15,0.25,1234,0.023023,0.022841,9,9,9,9,9,1,9,9
1000,15,0.25,4321,0.022022,0.021838,9,9,9,9,9,2,9,9
1000,15,0.25,4321,0.023023,0.022837,5,5,5,5,5,0,5,5
1000,15,0.25,1234,0.024024,0.023814,2,4,4,4,2,0,4,4
1000,15,0.25,4321,0.024024,0.023816,5,4,4,4,5,1,5,5
1000,15,0.25,1234,0.025025,0.024849,6,6,6,6,6,0,6,6
1000,15,0.25,4321,0.025025,0.024783,4,6,6,6,4,0,6,6
1000,15,0.25,1234,0.026026,0.025920,5,5,5,5,5,1,5,5
1000,15,0.25,4321,0.026026,0.025832,2,4,4,4,2,0,4,4
1000,15,0.25,4321,0.027027,0.026849,2,2,2,2,2,0,2,2
1000,15,0.25,1234,0.027027,0.027029,2,3,3,3,2,0,3,3
1000,15,0.25,1234,0.028028,0.027986,2,3,3,3,2,0,3,3
1000,15,0.25,4321,0.028028,0.027816,3,4,4,4,3,0,4,4
1000,15,0.35,1234,0.001001,0.000895,807,843,846,844,843,845,843,845
1000,15,0.25,1234,0.029029,0.028943,3,5,5,5,3,0,5,5
1000,15,0.25,4321,0.029029,0.028809,2,3,3,3,2,0,3,3
1000,15,0.35,4321,0.001001,0.000923,811,845,851,851,851,853,848,852
1000,15,0.35,4321,0.002002,0.001868,527,603,609,606,606,605,608,613
1000,15,0.35,1234,0.003003,0.002841,330,377,377,377,373,377,377,399
1000,15,0.35,1234,0.004004,0.003840,222,238,238,238,223,206,238,263
1000,15,0.35,4321,0.003003,0.002881,329,377,377,377,369,371,377,400
1000,15,0.35,1234,0.005005,0.004847,160,170,170,170,161,154,170,185
1000,15,0.35,1234,0.002002,0.001898,497,583,597,601,602,601,597,606
1000,15,0.35,4321,0.004004,0.003820,206,247,247,247,231,230,247,281
1000,15,0.35,4321,0.005005,0.004809,180,171,171,171,181,179,184,198
1000,15,0.35,1234,0.006006,0.005870,116,111,111,111,116,107,116,133
1000,15,0.35,1234,0.007007,0.006875,75,88,88,88,75,67,88,92
1000,15,0.35,4321,0.006006,0.005796,116,116,116,116,116,116,119,131
1000,15,0.35,4321,0.007007,0.006825,69,84,84,84,69,60,84,88
1000,15,0.35,1234,0.008008,0.007954,56,58,58,58,56,28,58,60
1000,15,0.35,4321,0.008008,0.007790,68,67,67,67,68,67,68,73
1000,15,0.35,1234,0.009009,0.008953,38,45,45,45,38,23,45,45
1000,15,0.35,4321,0.009009,0.008801,53,55,55,55,53,36,55,56
1000,15,0.35,1234,0.011011,0.011005,21,27,27,27,21,12,27,27
1000,15,0.35,1234,0.010010,0.009956,31,40,40,40,31,18,40,40
1000,15,0.35,4321,0.011011,0.010805,21,29,29,29,21,9,29,29
1000,15,0.35,4321,0.010010,0.009836,31,42,42,42,31,8,42,42
1000,15,0.35,1234,0.012012,0.011982,24,27,27,27,24,16,27,27
1000,15,0.35,4321,0.012012,0.011814,23,27,27,27,23,16,27,27
1000,15,0.35,1234,0.013013,0.012985,12,20,20,20,12,2,20,20
1000,15,0.35,4321,0.013013,0.012949,12,19,19,19,12,5,19,19
1000,15,0.35,1234,0.014014,0.013988,16,19,19,19,16,3,19,19
1000,15,0.35,4321,0.014014,0.013930,13,16,16,16,13,2,16,16
1000,15,0.35,1234,0.015015,0.014957,9,16,16,16,9,2,16,16
1000,15,0.35,4321,0.015015,0.014951,6,11,11,11,6,1,11,11
1000,15,0.35,1234,0.016016,0.015938,6,10,10,10,6,1,10,10
1000,15,0.35,4321,0.016016,0.015890,10,10,10,10,10,1,10,10
1000,15,0.35,1234,0.017017,0.016899,4,7,7,7,4,1,7,7
1000,15,0.35,1234,0.019019,0.018861,3,5,5,5,3,0,5,5
1000,15,0.35,1234,0.018018,0.017896,5,10,10,10,5,0,10,10
1000,15,0.35,4321,0.018018,0.017882,2,4,4,4,2,0,4,4
1000,15,0.35,4321,0.017017,0.016919,5,7,7,7,5,1,7,7
1000,15,0.35,1234,0.020020,0.019910,2,4,4,4,2,0,4,4
1000,15,0.35,1234,0.021021,0.020803,4,4,4,4,4,0,4,4
1000,15,0.35,1234,0.022022,0.021834,1,3,3,3,1,0,3,3
1000,15,0.35,4321,0.020020,0.019830,3,4,4,4,3,0,4,4
1000,15,0.35,4321,0.021021,0.020835,2,2,2,2,2,0,2,2
1000,15,0.35,4321,0.019019,0.018841,3,6,6,6,3,0,6,6
1000,15,0.35,1234,0.024024,0.023814,0,0,0,0,0,0,0,0
1000,15,0.35,4321,0.023023,0.022837,1,1,1,1,1,0,1,1
1000,15,0.35,4321,0.022022,0.021838,2,3,3,3,2,0,3,3
1000,15,0.35,4321,0.025025,0.024783,1,1,1,1,1,0,1,1
1000,15,0.35,1234,0.026026,0.025920,1,1,1,1,1,0,1,1
1000,15,0.35,1234,0.025025,0.024849,1,1,1,1,1,0,1,1
1000,15,0.35,1234,0.027027,0.027029,0,0,0,0,0,0,0,0
1000,15,0.35,1234,0.023023,0.022841,4,6,6,6,4,0,6,6
1000,15,0.35,1234,0.028028,0.027986,0,0,0,0,0,0,0,0
1000,15,0.35,4321,0.024024,0.023816,1,1,1,1,1,0,1,1
1000,15,0.35,4321,0.027027,0.026849,0,0,0,0,0,0,0,0
1000,15,0.35,4321,0.029029,0.028809,0,0,0,0,0,0,0,0
1000,15,0.35,4321,0.028028,0.027816,1,1,1,1,1,0,1,1
1000,15,0.35,1234,0.029029,0.028943,1,1,1,1,1,0,1,1
1000,15,0.35,4321,0.026026,0.025832,1,2,2,2,1,0,2,2
