c FILE graph2.txt
c SOURCE This is a scale-free graph formed for the happy graph colouring problem.
c DESCRIPTION It was generated using the problem generator of Rhyd Lewis
c
c GRAPH STATS
c Seed                             = 1
c Number of Nodes                  = 5000
c Number of colours k              = 10
c Number of pre-assignments        = 1250
c Number of links per new node     = 1
c Density                          = 0.0004
c 
c The degrees of nodes 1 to 5000, respectively, are as follows 
c [149, 92, 88, 74, 60, 45, 43, 40, 39, 35, 30, 29, 29, 28, 28, 27, 27, 26, 26, 25, 25, 24, 24, 24, 23, 22, 
c  21, 20, 20, 19, 18, 18, 17, 17, 17, 16, 16, 15, 15, 15, 15, 15, 15, 15, 15, 15, 14, 14, 14, 14, 13, 
c  13, 13, 13, 13, 13, 13, 13, 12, 12, 12, 12, 12, 12, 11, 11, 11, 11, 11, 11, 11, 11, 11, 11, 10, 10, 
c  10, 10, 10, 10, 10, 10, 10, 10, 10, 10, 10, 10, 10, 10, 10, 10, 9, 9, 9, 9, 9, 9, 9, 9, 9, 
c  9, 9, 9, 9, 9, 9, 9, 9, 8, 8, 8, 8, 8, 8, 8, 8, 8, 8, 8, 8, 8, 8, 8, 8, 8, 
c  8, 8, 8, 8, 7, 7, 7, 7, 7, 7, 7, 7, 7, 7, 7, 7, 7, 7, 7, 7, 7, 7, 7, 7, 7, 
c  7, 7, 7, 7, 7, 7, 7, 7, 7, 7, 7, 7, 7, 7, 7, 7, 7, 7, 7, 7, 6, 6, 6, 6, 6, 
c  6, 6, 6, 6, 6, 6, 6, 6, 6, 6, 6, 6, 6, 6, 6, 6, 6, 6, 6, 6, 6, 6, 6, 6, 6, 
c  6, 6, 6, 6, 6, 6, 6, 6, 6, 6, 6, 6, 6, 6, 6, 6, 6, 6, 6, 6, 6, 6, 6, 6, 6, 
c  6, 6, 6, 6, 6, 6, 6, 6, 6, 6, 5, 5, 5, 5, 5, 5, 5, 5, 5, 5, 5, 5, 5, 5, 5, 
c  5, 5, 5, 5, 5, 5, 5, 5, 5, 5, 5, 5, 5, 5, 5, 5, 5, 5, 5, 5, 5, 5, 5, 5, 5, 
c  5, 5, 5, 5, 5, 5, 5, 5, 5, 5, 5, 5, 5, 5, 5, 5, 5, 5, 5, 5, 5, 5, 5, 5, 5, 
c  5, 5, 5, 5, 5, 5, 5, 5, 5, 5, 5, 5, 5, 5, 5, 5, 5, 5, 5, 5, 5, 5, 5, 5, 5, 
c  4, 4, 4, 4, 4, 4, 4, 4, 4, 4, 4, 4, 4, 4, 4, 4, 4, 4, 4, 4, 4, 4, 4, 4, 4, 
c  4, 4, 4, 4, 4, 4, 4, 4, 4, 4, 4, 4, 4, 4, 4, 4, 4, 4, 4, 4, 4, 4, 4, 4, 4, 
c  4, 4, 4, 4, 4, 4, 4, 4, 4, 4, 4, 4, 4, 4, 4, 4, 4, 4, 4, 4, 4, 4, 4, 4, 4, 
c  4, 4, 4, 4, 4, 4, 4, 4, 4, 4, 4, 4, 4, 4, 4, 4, 4, 4, 4, 4, 4, 4, 4, 4, 4, 
c  4, 4, 4, 4, 4, 4, 4, 4, 4, 4, 4, 4, 4, 4, 4, 4, 4, 4, 4, 4, 4, 4, 4, 4, 4, 
c  4, 4, 4, 4, 4, 4, 4, 4, 4, 4, 4, 4, 4, 4, 4, 4, 4, 4, 4, 4, 4, 4, 4, 4, 4, 
c  4, 4, 4, 4, 4, 4, 4, 4, 4, 4, 4, 4, 4, 4, 4, 3, 3, 3, 3, 3, 3, 3, 3, 3, 3, 
c  3, 3, 3, 3, 3, 3, 3, 3, 3, 3, 3, 3, 3, 3, 3, 3, 3, 3, 3, 3, 3, 3, 3, 3, 3, 
c  3, 3, 3, 3, 3, 3, 3, 3, 3, 3, 3, 3, 3, 3, 3, 3, 3, 3, 3, 3, 3, 3, 3, 3, 3, 
c  3, 3, 3, 3, 3, 3, 3, 3, 3, 3, 3, 3, 3, 3, 3, 3, 3, 3, 3, 3, 3, 3, 3, 3, 3, 
c  3, 3, 3, 3, 3, 3, 3, 3, 3, 3, 3, 3, 3, 3, 3, 3, 3, 3, 3, 3, 3, 3, 3, 3, 3, 
c  3, 3, 3, 3, 3, 3, 3, 3, 3, 3, 3, 3, 3, 3, 3, 3, 3, 3, 3, 3, 3, 3, 3, 3, 3, 
c  3, 3, 3, 3, 3, 3, 3, 3, 3, 3, 3, 3, 3, 3, 3, 3, 3, 3, 3, 3, 3, 3, 3, 3, 3, 
c  3, 3, 3, 3, 3, 3, 3, 3, 3, 3, 3, 3, 3, 3, 3, 3, 3, 3, 3, 3, 3, 3, 3, 3, 3, 
c  3, 3, 3, 3, 3, 3, 3, 3, 3, 3, 3, 3, 3, 3, 3, 3, 3, 3, 3, 3, 3, 3, 3, 3, 3, 
c  3, 3, 3, 3, 3, 3, 3, 3, 3, 3, 3, 3, 3, 3, 3, 3, 3, 3, 3, 3, 3, 3, 3, 3, 3, 
c  3, 3, 3, 3, 3, 3, 3, 3, 3, 3, 3, 3, 3, 3, 3, 3, 3, 3, 3, 3, 3, 3, 3, 3, 3, 
c  3, 3, 3, 3, 3, 3, 3, 3, 3, 3, 3, 3, 3, 3, 3, 3, 3, 3, 3, 3, 3, 3, 3, 3, 3, 
c  3, 3, 3, 3, 3, 3, 3, 3, 3, 3, 3, 3, 3, 3, 3, 3, 3, 3, 3, 3, 3, 3, 3, 3, 3, 
c  3, 3, 3, 3, 3, 3, 3, 3, 3, 3, 3, 3, 3, 3, 3, 3, 3, 3, 3, 3, 3, 3, 3, 3, 3, 
c  3, 3, 2, 2, 2, 2, 2, 2, 2, 2, 2, 2, 2, 2, 2, 2, 2, 2, 2, 2, 2, 2, 2, 2, 2, 
c  2, 2, 2, 2, 2, 2, 2, 2, 2, 2, 2, 2, 2, 2, 2, 2, 2, 2, 2, 2, 2, 2, 2, 2, 2, 
c  2, 2, 2, 2, 2, 2, 2, 2, 2, 2, 2, 2, 2, 2, 2, 2, 2, 2, 2, 2, 2, 2, 2, 2, 2, 
c  2, 2, 2, 2, 2, 2, 2, 2, 2, 2, 2, 2, 2, 2, 2, 2, 2, 2, 2, 2, 2, 2, 2, 2, 2, 
c  2, 2, 2, 2, 2, 2, 2, 2, 2, 2, 2, 2, 2, 2, 2, 2, 2, 2, 2, 2, 2, 2, 2, 2, 2, 
c  2, 2, 2, 2, 2, 2, 2, 2, 2, 2, 2, 2, 2, 2, 2, 2, 2, 2, 2, 2, 2, 2, 2, 2, 2, 
c  2, 2, 2, 2, 2, 2, 2, 2, 2, 2, 2, 2, 2, 2, 2, 2, 2, 2, 2, 2, 2, 2, 2, 2, 2, 
c  2, 2, 2, 2, 2, 2, 2, 2, 2, 2, 2, 2, 2, 2, 2, 2, 2, 2, 2, 2, 2, 2, 2, 2, 2, 
c  2, 2, 2, 2, 2, 2, 2, 2, 2, 2, 2, 2, 2, 2, 2, 2, 2, 2, 2, 2, 2, 2, 2, 2, 2, 
c  2, 2, 2, 2, 2, 2, 2, 2, 2, 2, 2, 2, 2, 2, 2, 2, 2, 2, 2, 2, 2, 2, 2, 2, 2, 
c  2, 2, 2, 2, 2, 2, 2, 2, 2, 2, 2, 2, 2, 2, 2, 2, 2, 2, 2, 2, 2, 2, 2, 2, 2, 
c  2, 2, 2, 2, 2, 2, 2, 2, 2, 2, 2, 2, 2, 2, 2, 2, 2, 2, 2, 2, 2, 2, 2, 2, 2, 
c  2, 2, 2, 2, 2, 2, 2, 2, 2, 2, 2, 2, 2, 2, 2, 2, 2, 2, 2, 2, 2, 2, 2, 2, 2, 
c  2, 2, 2, 2, 2, 2, 2, 2, 2, 2, 2, 2, 2, 2, 2, 2, 2, 2, 2, 2, 2, 2, 2, 2, 2, 
c  2, 2, 2, 2, 2, 2, 2, 2, 2, 2, 2, 2, 2, 2, 2, 2, 2, 2, 2, 2, 2, 2, 2, 2, 2, 
c  2, 2, 2, 2, 2, 2, 2, 2, 2, 2, 2, 2, 2, 2, 2, 2, 2, 2, 2, 2, 2, 2, 2, 2, 2, 
c  2, 2, 2, 2, 2, 2, 2, 2, 2, 2, 2, 2, 2, 2, 2, 2, 2, 2, 2, 2, 2, 2, 2, 2, 2, 
c  2, 2, 2, 2, 2, 2, 2, 2, 2, 2, 2, 2, 2, 2, 2, 2, 2, 2, 2, 2, 2, 2, 2, 2, 2, 
c  2, 2, 2, 2, 2, 2, 2, 2, 2, 2, 2, 2, 2, 2, 2, 2, 2, 2, 2, 2, 2, 2, 2, 2, 2, 
c  2, 2, 2, 2, 2, 2, 2, 2, 2, 2, 2, 2, 2, 2, 2, 2, 2, 2, 2, 2, 2, 2, 2, 2, 2, 
c  2, 2, 2, 2, 2, 2, 2, 2, 2, 2, 2, 2, 2, 2, 2, 2, 2, 2, 2, 2, 2, 2, 2, 2, 2, 
c  2, 2, 2, 2, 2, 2, 2, 2, 2, 2, 2, 2, 2, 2, 2, 2, 2, 2, 2, 2, 2, 2, 2, 2, 2, 
c  2, 2, 2, 2, 2, 2, 2, 2, 2, 2, 2, 2, 2, 2, 2, 2, 2, 2, 2, 2, 2, 2, 2, 2, 2, 
c  2, 2, 2, 2, 2, 2, 2, 2, 2, 2, 2, 2, 2, 2, 2, 2, 2, 2, 2, 2, 2, 2, 2, 2, 2, 
c  2, 2, 2, 2, 2, 2, 2, 2, 2, 2, 2, 2, 2, 2, 2, 2, 2, 2, 2, 2, 2, 2, 2, 2, 2, 
c  2, 2, 2, 2, 2, 2, 2, 2, 2, 2, 2, 2, 2, 2, 2, 2, 2, 2, 2, 2, 2, 2, 2, 2, 2, 
c  2, 2, 2, 2, 2, 2, 2, 2, 2, 2, 2, 2, 2, 2, 2, 2, 2, 2, 2, 2, 2, 2, 2, 2, 2, 
c  2, 2, 2, 2, 2, 2, 2, 2, 2, 2, 2, 2, 2, 2, 2, 2, 2, 2, 2, 2, 2, 2, 2, 2, 2, 
c  2, 2, 2, 2, 2, 2, 2, 2, 2, 2, 2, 2, 2, 2, 2, 2, 2, 2, 2, 2, 2, 2, 2, 2, 2, 
c  2, 2, 2, 2, 2, 2, 2, 2, 2, 2, 2, 2, 2, 2, 2, 2, 2, 2, 2, 2, 2, 2, 2, 2, 2, 
c  2, 2, 2, 2, 2, 2, 2, 2, 2, 2, 2, 2, 2, 2, 2, 2, 2, 2, 2, 2, 2, 1, 1, 1, 1, 
c  1, 1, 1, 1, 1, 1, 1, 1, 1, 1, 1, 1, 1, 1, 1, 1, 1, 1, 1, 1, 1, 1, 1, 1, 1, 
c  1, 1, 1, 1, 1, 1, 1, 1, 1, 1, 1, 1, 1, 1, 1, 1, 1, 1, 1, 1, 1, 1, 1, 1, 1, 
c  1, 1, 1, 1, 1, 1, 1, 1, 1, 1, 1, 1, 1, 1, 1, 1, 1, 1, 1, 1, 1, 1, 1, 1, 1, 
c  1, 1, 1, 1, 1, 1, 1, 1, 1, 1, 1, 1, 1, 1, 1, 1, 1, 1, 1, 1, 1, 1, 1, 1, 1, 
c  1, 1, 1, 1, 1, 1, 1, 1, 1, 1, 1, 1, 1, 1, 1, 1, 1, 1, 1, 1, 1, 1, 1, 1, 1, 
c  1, 1, 1, 1, 1, 1, 1, 1, 1, 1, 1, 1, 1, 1, 1, 1, 1, 1, 1, 1, 1, 1, 1, 1, 1, 
c  1, 1, 1, 1, 1, 1, 1, 1, 1, 1, 1, 1, 1, 1, 1, 1, 1, 1, 1, 1, 1, 1, 1, 1, 1, 
c  1, 1, 1, 1, 1, 1, 1, 1, 1, 1, 1, 1, 1, 1, 1, 1, 1, 1, 1, 1, 1, 1, 1, 1, 1, 
c  1, 1, 1, 1, 1, 1, 1, 1, 1, 1, 1, 1, 1, 1, 1, 1, 1, 1, 1, 1, 1, 1, 1, 1, 1, 
c  1, 1, 1, 1, 1, 1, 1, 1, 1, 1, 1, 1, 1, 1, 1, 1, 1, 1, 1, 1, 1, 1, 1, 1, 1, 
c  1, 1, 1, 1, 1, 1, 1, 1, 1, 1, 1, 1, 1, 1, 1, 1, 1, 1, 1, 1, 1, 1, 1, 1, 1, 
c  1, 1, 1, 1, 1, 1, 1, 1, 1, 1, 1, 1, 1, 1, 1, 1, 1, 1, 1, 1, 1, 1, 1, 1, 1, 
c  1, 1, 1, 1, 1, 1, 1, 1, 1, 1, 1, 1, 1, 1, 1, 1, 1, 1, 1, 1, 1, 1, 1, 1, 1, 
c  1, 1, 1, 1, 1, 1, 1, 1, 1, 1, 1, 1, 1, 1, 1, 1, 1, 1, 1, 1, 1, 1, 1, 1, 1, 
c  1, 1, 1, 1, 1, 1, 1, 1, 1, 1, 1, 1, 1, 1, 1, 1, 1, 1, 1, 1, 1, 1, 1, 1, 1, 
c  1, 1, 1, 1, 1, 1, 1, 1, 1, 1, 1, 1, 1, 1, 1, 1, 1, 1, 1, 1, 1, 1, 1, 1, 1, 
c  1, 1, 1, 1, 1, 1, 1, 1, 1, 1, 1, 1, 1, 1, 1, 1, 1, 1, 1, 1, 1, 1, 1, 1, 1, 
c  1, 1, 1, 1, 1, 1, 1, 1, 1, 1, 1, 1, 1, 1, 1, 1, 1, 1, 1, 1, 1, 1, 1, 1, 1, 
c  1, 1, 1, 1, 1, 1, 1, 1, 1, 1, 1, 1, 1, 1, 1, 1, 1, 1, 1, 1, 1, 1, 1, 1, 1, 
c  1, 1, 1, 1, 1, 1, 1, 1, 1, 1, 1, 1, 1, 1, 1, 1, 1, 1, 1, 1, 1, 1, 1, 1, 1, 
c  1, 1, 1, 1, 1, 1, 1, 1, 1, 1, 1, 1, 1, 1, 1, 1, 1, 1, 1, 1, 1, 1, 1, 1, 1, 
c  1, 1, 1, 1, 1, 1, 1, 1, 1, 1, 1, 1, 1, 1, 1, 1, 1, 1, 1, 1, 1, 1, 1, 1, 1, 
c  1, 1, 1, 1, 1, 1, 1, 1, 1, 1, 1, 1, 1, 1, 1, 1, 1, 1, 1, 1, 1, 1, 1, 1, 1, 
c  1, 1, 1, 1, 1, 1, 1, 1, 1, 1, 1, 1, 1, 1, 1, 1, 1, 1, 1, 1, 1, 1, 1, 1, 1, 
c  1, 1, 1, 1, 1, 1, 1, 1, 1, 1, 1, 1, 1, 1, 1, 1, 1, 1, 1, 1, 1, 1, 1, 1, 1, 
c  1, 1, 1, 1, 1, 1, 1, 1, 1, 1, 1, 1, 1, 1, 1, 1, 1, 1, 1, 1, 1, 1, 1, 1, 1, 
c  1, 1, 1, 1, 1, 1, 1, 1, 1, 1, 1, 1, 1, 1, 1, 1, 1, 1, 1, 1, 1, 1, 1, 1, 1, 
c  1, 1, 1, 1, 1, 1, 1, 1, 1, 1, 1, 1, 1, 1, 1, 1, 1, 1, 1, 1, 1, 1, 1, 1, 1, 
c  1, 1, 1, 1, 1, 1, 1, 1, 1, 1, 1, 1, 1, 1, 1, 1, 1, 1, 1, 1, 1, 1, 1, 1, 1, 
c  1, 1, 1, 1, 1, 1, 1, 1, 1, 1, 1, 1, 1, 1, 1, 1, 1, 1, 1, 1, 1, 1, 1, 1, 1, 
c  1, 1, 1, 1, 1, 1, 1, 1, 1, 1, 1, 1, 1, 1, 1, 1, 1, 1, 1, 1, 1, 1, 1, 1, 1, 
c  1, 1, 1, 1, 1, 1, 1, 1, 1, 1, 1, 1, 1, 1, 1, 1, 1, 1, 1, 1, 1, 1, 1, 1, 1, 
c  1, 1, 1, 1, 1, 1, 1, 1, 1, 1, 1, 1, 1, 1, 1, 1, 1, 1, 1, 1, 1, 1, 1, 1, 1, 
c  1, 1, 1, 1, 1, 1, 1, 1, 1, 1, 1, 1, 1, 1, 1, 1, 1, 1, 1, 1, 1, 1, 1, 1, 1, 
c  1, 1, 1, 1, 1, 1, 1, 1, 1, 1, 1, 1, 1, 1, 1, 1, 1, 1, 1, 1, 1, 1, 1, 1, 1, 
c  1, 1, 1, 1, 1, 1, 1, 1, 1, 1, 1, 1, 1, 1, 1, 1, 1, 1, 1, 1, 1, 1, 1, 1, 1, 
c  1, 1, 1, 1, 1, 1, 1, 1, 1, 1, 1, 1, 1, 1, 1, 1, 1, 1, 1, 1, 1, 1, 1, 1, 1, 
c  1, 1, 1, 1, 1, 1, 1, 1, 1, 1, 1, 1, 1, 1, 1, 1, 1, 1, 1, 1, 1, 1, 1, 1, 1, 
c  1, 1, 1, 1, 1, 1, 1, 1, 1, 1, 1, 1, 1, 1, 1, 1, 1, 1, 1, 1, 1, 1, 1, 1, 1, 
c  1, 1, 1, 1, 1, 1, 1, 1, 1, 1, 1, 1, 1, 1, 1, 1, 1, 1, 1, 1, 1, 1, 1, 1, 1, 
c  1, 1, 1, 1, 1, 1, 1, 1, 1, 1, 1, 1, 1, 1, 1, 1, 1, 1, 1, 1, 1, 1, 1, 1, 1, 
c  1, 1, 1, 1, 1, 1, 1, 1, 1, 1, 1, 1, 1, 1, 1, 1, 1, 1, 1, 1, 1, 1, 1, 1, 1, 
c  1, 1, 1, 1, 1, 1, 1, 1, 1, 1, 1, 1, 1, 1, 1, 1, 1, 1, 1, 1, 1, 1, 1, 1, 1, 
c  1, 1, 1, 1, 1, 1, 1, 1, 1, 1, 1, 1, 1, 1, 1, 1, 1, 1, 1, 1, 1, 1, 1, 1, 1, 
c  1, 1, 1, 1, 1, 1, 1, 1, 1, 1, 1, 1, 1, 1, 1, 1, 1, 1, 1, 1, 1, 1, 1, 1, 1, 
c  1, 1, 1, 1, 1, 1, 1, 1, 1, 1, 1, 1, 1, 1, 1, 1, 1, 1, 1, 1, 1, 1, 1, 1, 1, 
c  1, 1, 1, 1, 1, 1, 1, 1, 1, 1, 1, 1, 1, 1, 1, 1, 1, 1, 1, 1, 1, 1, 1, 1, 1, 
c  1, 1, 1, 1, 1, 1, 1, 1, 1, 1, 1, 1, 1, 1, 1, 1, 1, 1, 1, 1, 1, 1, 1, 1, 1, 
c  1, 1, 1, 1, 1, 1, 1, 1, 1, 1, 1, 1, 1, 1, 1, 1, 1, 1, 1, 1, 1, 1, 1, 1, 1, 
c  1, 1, 1, 1, 1, 1, 1, 1, 1, 1, 1, 1, 1, 1, 1, 1, 1, 1, 1, 1, 1, 1, 1, 1, 1, 
c  1, 1, 1, 1, 1, 1, 1, 1, 1, 1, 1, 1, 1, 1, 1, 1, 1, 1, 1, 1, 1, 1, 1, 1, 1, 
c  1, 1, 1, 1, 1, 1, 1, 1, 1, 1, 1, 1, 1, 1, 1, 1, 1, 1, 1, 1, 1, 1, 1, 1, 1, 
c  1, 1, 1, 1, 1, 1, 1, 1, 1, 1, 1, 1, 1, 1, 1, 1, 1, 1, 1, 1, 1, 1, 1, 1, 1, 
c  1, 1, 1, 1, 1, 1, 1, 1, 1, 1, 1, 1, 1, 1, 1, 1, 1, 1, 1, 1, 1, 1, 1, 1, 1, 
c  1, 1, 1, 1, 1, 1, 1, 1, 1, 1, 1, 1, 1, 1, 1, 1, 1, 1, 1, 1, 1, 1, 1, 1, 1, 
c  1, 1, 1, 1, 1, 1, 1, 1, 1, 1, 1, 1, 1, 1, 1, 1, 1, 1, 1, 1, 1, 1, 1, 1, 1, 
c  1, 1, 1, 1, 1, 1, 1, 1, 1, 1, 1, 1, 1, 1, 1, 1, 1, 1, 1, 1, 1, 1, 1, 1, 1, 
c  1, 1, 1, 1, 1, 1, 1, 1, 1, 1, 1, 1, 1, 1, 1, 1, 1, 1, 1, 1, 1, 1, 1, 1, 1, 
c  1, 1, 1, 1, 1, 1, 1, 1, 1, 1, 1, 1, 1, 1, 1, 1, 1, 1, 1, 1, 1, 1, 1, 1, 1, 
c  1, 1, 1, 1, 1, 1, 1, 1, 1, 1, 1, 1, 1, 1, 1, 1, 1, 1, 1, 1, 1, 1, 1, 1, 1, 
c  1, 1, 1, 1, 1, 1, 1, 1, 1, 1, 1, 1, 1, 1, 1, 1, 1, 1, 1, 1, 1, 1, 1, 1, 1, 
c  1, 1, 1, 1, 1, 1, 1, 1, 1, 1, 1, 1, 1, 1, 1, 1, 1, 1, 1, 1, 1, 1, 1, 1, 1, 
c  1, 1, 1, 1, 1, 1, 1, 1, 1, 1, 1, 1, 1, 1, 1, 1, 1, 1, 1, 1, 1, 1, 1, 1, 1, 
c  1, 1, 1, 1, 1, 1, 1, 1, 1, 1, 1, 1, 1, 1, 1, 1, 1, 1, 1, 1, 1, 1, 1, 1, 1, 
c  1, 1, 1, 1, 1, 1, 1, 1, 1, 1, 1, 1, 1, 1, 1, 1, 1, 1, 1, 1, 1, 1, 1, 1, 1, 
c  1, 1, 1, 1, 1, 1, 1, 1, 1, 1, 1, 1, 1, 1, 1, 1, 1, 1, 1, 1, 1, 1, 1, 1, 1, 
c  1, 1, 1, 1, 1, 1, 1, 1, 1, 1, 1, 1, 1, 1, 1, 1, 1, 1, 1, 1, 1, 1, 1, 1, 1, 
c  1, 1, 1, 1, 1, 1, 1, 1, 1, 1, 1, 1, 1, 1, 1, 1, 1, 1, 1, 1, 1, 1, 1, 1, 1, 
c  1, 1, 1, 1, 1, 1, 1, 1, 1, 1, 1, 1, 1, 1, 1, 1, 1, 1, 1, 1, 1, 1, 1, 1, 1, 
c  1, 1, 1, 1, 1, 1, 1, 1, 1, 1, 1, 1, 1, 1, 1, 1, 1, 1, 1, 1, 1, 1, 1, 1, 1, 
c  1, 1, 1, 1, 1, 1, 1, 1, 1, 1, 1, 1, 1, 1, 1, 1, 1, 1, 1, 1, 1, 1, 1, 1, 1, 
c  1, 1, 1, 1, 1, 1, 1, 1, 1, 1, 1, 1, 1, 1, 1, 1, 1, 1, 1, 1, 1, 1, 1, 1, 1, 
c  1, 1, 1, 1, 1, 1, 1, 1, 1, 1, 1, 1, 1, 1, 1, 1, 1, 1, 1, 1, 1, 1, 1, 1, 1, 
c  1, 1, 1, 1, 1, 1, 1, 1, 1, 1, 1, 1, 1, 1, 1, 1, 1, 1, 1, 1, 1, 1, 1, 1, 1, 
c  1, 1, 1, 1, 1, 1, 1, 1, 1, 1, 1, 1, 1, 1, 1, 1, 1, 1, 1, 1, 1, 1, 1, 1, 1, 
c  1, 1, 1, 1, 1, 1, 1, 1, 1, 1, 1, 1, 1, 1, 1, 1, 1, 1, 1, 1, 1, 1, 1, 1, 1, 
c  1, 1, 1, 1, 1, 1, 1, 1, 1, 1, 1, 1, 1, 1, 1, 1, 1, 1, 1, 1, 1, 1, 1, 1, 1, 
c  1, 1, 1, 1, 1, 1, 1, 1, 1, 1, 1, 1, 1, 1, 1, 1, 1, 1, 1, 1, 1, 1, 1, 1, 1, 
c  1, 1, 1, 1, 1, 1, 1, 1, 1, 1, 1, 1, 1, 1, 1, 1, 1, 1, 1, 1, 1, 1, 1, 1, 1, 
c  1, 1, 1, 1, 1, 1, 1, 1, 1, 1, 1, 1, 1, 1, 1, 1, 1, 1, 1, 1, 1, 1, 1, 1, 1, 
c  1, 1, 1, 1, 1, 1, 1, 1, 1, 1, 1, 1, 1, 1, 1, 1, 1, 1, 1, 1, 1, 1, 1, 1, 1, 
c  1, 1, 1, 1, 1, 1, 1, 1, 1, 1, 1, 1, 1, 1, 1, 1, 1, 1, 1, 1, 1, 1, 1, 1, 1, 
c  1, 1, 1, 1, 1, 1, 1, 1, 1, 1, 1, 1, 1, 1, 1, 1, 1, 1, 1, 1, 1, 1, 1, 1, 1, 
c  1, 1, 1, 1, 1, 1, 1, 1, 1, 1, 1, 1, 1, 1, 1, 1, 1, 1, 1, 1, 1, 1, 1, 1, 1, 
c  1, 1, 1, 1, 1, 1, 1, 1, 1, 1, 1, 1, 1, 1, 1, 1, 1, 1, 1, 1, 1, 1, 1, 1, 1, 
c  1, 1, 1, 1, 1, 1, 1, 1, 1, 1, 1, 1, 1, 1, 1, 1, 1, 1, 1, 1, 1, 1, 1, 1, 1, 
c  1, 1, 1, 1, 1, 1, 1, 1, 1, 1, 1, 1, 1, 1, 1, 1, 1, 1, 1, 1, 1, 1, 1, 1, 1, 
c  1, 1, 1, 1, 1, 1, 1, 1, 1, 1, 1, 1, 1, 1, 1, 1, 1, 1, 1, 1, 1, 1, 1, 1, 1, 
c  1, 1, 1, 1, 1, 1, 1, 1, 1, 1, 1, 1, 1, 1, 1, 1, 1, 1, 1, 1, 1, 1, 1, 1, 1, 
c  1, 1, 1, 1, 1, 1, 1, 1, 1, 1, 1, 1, 1, 1, 1, 1, 1, 1, 1, 1, 1, 1, 1, 1, 1, 
c  1, 1, 1, 1, 1, 1, 1, 1, 1, 1, 1, 1, 1, 1, 1, 1, 1, 1, 1, 1, 1, 1, 1, 1, 1, 
c  1, 1, 1, 1, 1, 1, 1, 1, 1, 1, 1, 1, 1, 1, 1, 1, 1, 1, 1, 1, 1, 1, 1, 1, 1, 
c  1, 1, 1, 1, 1, 1, 1, 1, 1, 1, 1, 1, 1, 1, 1, 1, 1, 1, 1, 1, 1, 1, 1, 1, 1, 
c  1, 1, 1, 1, 1, 1, 1, 1, 1, 1, 1, 1, 1, 1, 1, 1, 1, 1, 1, 1, 1, 1, 1, 1, 1, 
c  1, 1, 1, 1, 1, 1, 1, 1, 1, 1, 1, 1, 1, 1, 1, 1, 1, 1, 1, 1, 1, 1, 1, 1, 1, 
c  1, 1, 1, 1, 1, 1, 1, 1, 1, 1, 1, 1, 1, 1, 1, 1, 1, 1, 1, 1, 1, 1, 1, 1, 1, 
c  1, 1, 1, 1, 1, 1, 1, 1, 1, 1, 1, 1, 1, 1, 1, 1, 1, 1, 1, 1, 1, 1, 1, 1, 1, 
c  1, 1, 1, 1, 1, 1, 1, 1, 1, 1, 1, 1, 1, 1, 1, 1, 1, 1, 1, 1, 1, 1, 1, 1, 1, 
c  1, 1, 1, 1, 1, 1, 1, 1, 1, 1, 1, 1, 1, 1, 1, 1, 1, 1, 1, 1, 1, 1, 1, 1, 1, 
c  1, 1, 1, 1, 1, 1, 1, 1, 1, 1, 1, 1, 1, 1, 1, 1, 1, 1, 1, 1, 1, 1, 1, 1, 1, 
c  1, 1, 1, 1, 1, 1, 1, 1, 1, 1, 1, 1, 1, 1, 1, 1, 1, 1, 1, 1, 1, 1, 1, 1, 1, 
c  1, 1, 1, 1, 1, 1, 1, 1, 1, 1, 1, 1, 1, 1, 1, 1, 1, 1, 1, 1, 1, 1, 1, 1, 1, 
c  1, 1, 1, 1, 1, 1, 1, 1, 1, 1, 1, 1, 1, 1, 1, 1, 1, 1, 1, 1, 1, 1, 1, 1, 1, 
c  1, 1, 1, 1, 1, 1, 1, 1, 1, 1, 1, 1, 1, 1, 1, 1, 1, 1, 1, 1, 1, 1, 1, 1, 1, 
c  1, 1, 1, 1, 1, 1, 1, 1, 1, 1, 1, 1, 1, 1, 1, 1, 1, 1, 1, 1, 1, 1, 1, 1, 1, 
c  1, 1, 1, 1, 1, 1, 1, 1, 1, 1, 1, 1, 1, 1, 1, 1, 1, 1, 1, 1, 1, 1, 1, 1, 1, 
c  1, 1, 1, 1, 1, 1, 1, 1, 1, 1, 1, 1, 1, 1, 1, 1, 1, 1, 1, 1, 1, 1, 1, 1, 1, 
c  1, 1, 1, 1, 1, 1, 1, 1, 1, 1, 1, 1, 1, 1, 1, 1, 1, 1, 1, 1, 1, 1, 1, 1, 1, 
c  1, 1, 1, 1, 1, 1, 1, 1, 1, 1, 1, 1, 1, 1, 1, 1, 1, 1, 1, 1, 1, 1, 1, 1, 1, 
c  1, 1, 1, 1, 1, 1, 1, 1, 1, 1, 1, 1, 1, 1, 1, 1, 1, 1, 1, 1, 1, 1, 1, 1, 1, 
c  1, 1, 1, 1, 1, 1, 1, 1, 1, 1, 1, 1, 1, 1, 1, 1, 1, 1, 1, 1, 1, 1, 1, 1, 1, 
c  1, 1, 1, 1, 1, 1, 1, 1, 1, 1, 1, 1, 1, 1, 1, 1, 1, 1, 1, 1, 1, 1, 1, 1, 1, 
c  1, 1, 1, 1, 1, 1, 1, 1, 1, 1, 1, 1, 1, 1, 1, 1, 1, 1, 1, 1, 1, 1, 1, 1, 1, 
c  1, 1, 1, 1, 1, 1, 1, 1, 1, 1, 1, 1, 1, 1, 1, 1, 1, 1, 1, 1, 1, 1, 1, 1, 1, 
c  1, 1, 1, 1, 1, 1, 1, 1, 1, 1, 1, 1, 1, 1, 1, 1, 1, 1, 1, 1, 1, 1, 1, 1, 1, 
c  1, 1, 1, 1, 1, 1, 1, 1, 1, 1, 1, 1, 1, 1, 1, 1, 1, 1, 1, 1, 1, 1, 1, 1, 1, 
c  1, 1, 1, 1, 1, 1, 1, 1, 1, 1, 1, 1, 1, 1, 1, 1, 1, 1, 1, 1, 1, 1, 1, 1, 1, 
c  1, 1, 1, 1, 1, 1, 1, 1, 1, 1, 1, 1, 1, 1, 1, 1, 1, 1, 1, 1, 1, 1, 1, 1, 1, 
c  1, 1, 1, 1, 1, 1, 1, 1, 1, 1, 1, 1, 1, 1, 1, 1, 1, 1, 1, 1, 1, 1, 1, 1, 1, 
c  1, 1, 1, 1, 1, 1, 1, 1, 1, 1, 1, 1, 1, 1, 1, 1, 1, 1, 1, 1, 1, 1, 1, 1, 1, 
c  1, 1, 1, 1, 1, 1, 1, 1, 1, 1, 1, 1, 1, 1, 1, 1, 1, 1, 1, 1, 1, 1, 1, 1, 1, 
c  1, 1, 1, 1, 1, 1, 1, 1, 1, 1, 1, 1, 1, 1, 1, 1, 1, 1, 1, 1, 1, 1, 1, 1, 1, 
c  1, 1, 1, 1, 1, 1, 1, 1, 1, 1, 1, 1, 1, 1, 1, 1, 1, 1, 1, 1, 1, 1, 1, 1, 1, 
c  1, 1, 1, 1, 1, 1, 1, 1, 1, 1, 1, 1, 1, 1, 1, 1, 1, 1, 1, 1, 1, 1, 1, 1, 1, 
c  1, 1, 1, 1, 1, 1, 1, 1, 1, 1, 1, 1, 1, 1, 1, 1, 1, 1, 1, 1, 1, 1, 1, 1, 1, 
c  1, 1, 1, 1, 1, 1, 1, 1, 1, 1, 1, 1, 1, 1, 1, 1, 1, 1, 1, 1, 1, 1, 1, 1, 1, 
c  1, 1, 1, 1, 1, 1, 1, 1, 1, 1, 1, 1, 1, 1, 1, 1, 1, 1, 1, 1, 1, 1, 1, 1, 1, 
c  1, 1, 1, 1, 1, 1, 1, 1, 1, 1, 1, 1, 1, 1, 1, 1, 1, 1, 1, 1, 1, 1, 1, 1, 1, 
c  1, 1, 1, 1, 1, 1, 1, 1, 1, 1, 1, 1, 1, 1, 1, 1, 1, 1, 1, 1, 1, 1, 1, 1, 1, 
c  1, 1, 1, 1, 1, 1, 1, 1, 1, 1, 1, 1, 1, 1, 1, 1, 1, 1, 1, 1, 1, 1, 1, 1, 1, 
c  1, 1, 1, 1, 1, 1, 1, 1, 1, 1, 1, 1, 1, 1, 1, 1, 1, 1, 1, 1, 1, 1, 1, 1, 1, 
c  1, 1, 1, 1, 1, 1, 1, 1, 1, 1, 1, 1, 1, 1, 1, 1, 1, 1, 1, 1, 1, 1, 1, 1, 1, 
c  1, 1, 1, 1, 1, 1, 1, 1, 1, 1, 1, 1, 1, 1, 1, 1, 1, 1, 1, 1, 1, 1, 1, 1, 1, 
c  1, 1, 1, 1, 1, 1, 1, 1, 1, 1, 1, 1, 1, 1, 1, 1, 1, 1, 1, 1, 1, 1, 1, 1, 1, 
c  1, 1, 1, 1, 1, 1, 1, 1, 1, 1, 1, 1, 1, 1, 1, 1, 1, 1, 1, 1, 1, 1, 1, 1, 1, 
c  1, 1, 1, 1, 1, 1, 1, 1, 1, 1, 1, 1, 1, 1, 1, 1, 1, 1, 1, 1, 1, 1, 1, 1] 
c  
p edge 5000 4999 10
e 1 2
e 1 3
e 1 6
e 1 10
e 1 11
e 1 29
e 1 41
e 1 42
e 1 50
e 1 52
e 1 61
e 1 74
e 1 75
e 1 78
e 1 84
e 1 89
e 1 93
e 1 110
e 1 111
e 1 114
e 1 115
e 1 139
e 1 141
e 1 145
e 1 147
e 1 149
e 1 168
e 1 172
e 1 180
e 1 194
e 1 203
e 1 281
e 1 295
e 1 316
e 1 342
e 1 360
e 1 362
e 1 373
e 1 383
e 1 471
e 1 493
e 1 500
e 1 502
e 1 515
e 1 549
e 1 553
e 1 571
e 1 585
e 1 613
e 1 618
e 1 710
e 1 740
e 1 764
e 1 789
e 1 830
e 1 848
e 1 853
e 1 859
e 1 882
e 1 909
e 1 940
e 1 949
e 1 952
e 1 964
e 1 1026
e 1 1027
e 1 1034
e 1 1054
e 1 1103
e 1 1134
e 1 1148
e 1 1177
e 1 1186
e 1 1244
e 1 1298
e 1 1397
e 1 1452
e 1 1484
e 1 1544
e 1 1601
e 1 1602
e 1 1618
e 1 1621
e 1 1629
e 1 1666
e 1 1678
e 1 1717
e 1 1720
e 1 1722
e 1 1770
e 1 1781
e 1 1811
e 1 1838
e 1 1853
e 1 1863
e 1 1869
e 1 1881
e 1 1974
e 1 2009
e 1 2013
e 1 2067
e 1 2118
e 1 2164
e 1 2234
e 1 2330
e 1 2339
e 1 2373
e 1 2480
e 1 2574
e 1 2625
e 1 2682
e 1 2717
e 1 2779
e 1 2808
e 1 2908
e 1 2996
e 1 3029
e 1 3083
e 1 3135
e 1 3167
e 1 3184
e 1 3186
e 1 3215
e 1 3245
e 1 3321
e 1 3323
e 1 3422
e 1 3489
e 1 3518
e 1 3729
e 1 3738
e 1 3779
e 1 3793
e 1 3929
e 1 3948
e 1 3971
e 1 3994
e 1 4015
e 1 4080
e 1 4116
e 1 4249
e 1 4441
e 1 4521
e 1 4623
e 1 4669
e 1 4673
e 1 4886
e 1 4943
e 1 4958
e 2 19
e 2 25
e 2 28
e 2 208
e 2 211
e 2 249
e 2 254
e 2 331
e 2 351
e 2 352
e 2 366
e 2 392
e 2 425
e 2 495
e 2 499
e 2 506
e 2 508
e 2 547
e 2 595
e 2 759
e 2 775
e 2 841
e 2 842
e 2 850
e 2 873
e 2 878
e 2 891
e 2 895
e 2 980
e 2 986
e 2 1019
e 2 1051
e 2 1147
e 2 1266
e 2 1296
e 2 1327
e 2 1348
e 2 1604
e 2 1612
e 2 1642
e 2 1669
e 2 1692
e 2 1696
e 2 1716
e 2 1730
e 2 1731
e 2 1738
e 2 1802
e 2 1899
e 2 1924
e 2 2077
e 2 2078
e 2 2084
e 2 2170
e 2 2318
e 2 2325
e 2 2386
e 2 2438
e 2 2662
e 2 2767
e 2 2882
e 2 2892
e 2 2900
e 2 2925
e 2 3102
e 2 3181
e 2 3212
e 2 3274
e 2 3330
e 2 3436
e 2 3456
e 2 3556
e 2 3649
e 2 3679
e 2 3742
e 2 3767
e 2 3795
e 2 3818
e 2 3879
e 2 3996
e 2 4136
e 2 4220
e 2 4235
e 2 4298
e 2 4310
e 2 4346
e 2 4472
e 2 4593
e 2 4767
e 2 4891
e 2 4961
e 3 20
e 3 32
e 3 33
e 3 59
e 3 99
e 3 131
e 3 133
e 3 140
e 3 161
e 3 209
e 3 312
e 3 346
e 3 442
e 3 476
e 3 483
e 3 492
e 3 541
e 3 556
e 3 615
e 3 638
e 3 717
e 3 751
e 3 896
e 3 936
e 3 1048
e 3 1085
e 3 1100
e 3 1174
e 3 1387
e 3 1467
e 3 1599
e 3 1619
e 3 1651
e 3 1699
e 3 1703
e 3 1741
e 3 1795
e 3 1800
e 3 1828
e 3 1833
e 3 1912
e 3 1955
e 3 2032
e 3 2123
e 3 2243
e 3 2379
e 3 2404
e 3 2503
e 3 2512
e 3 2588
e 3 2638
e 3 2669
e 3 2677
e 3 2688
e 3 2691
e 3 2718
e 3 2740
e 3 2754
e 3 2794
e 3 2806
e 3 2816
e 3 2944
e 3 2965
e 3 2982
e 3 3063
e 3 3158
e 3 3179
e 3 3193
e 3 3224
e 3 3243
e 3 3310
e 3 3322
e 3 3372
e 3 3894
e 3 3942
e 3 3998
e 3 4137
e 3 4179
e 3 4279
e 3 4315
e 3 4484
e 3 4518
e 3 4535
e 3 4572
e 3 4825
e 3 4880
e 3 4956
e 4 11
e 4 16
e 4 18
e 4 23
e 4 43
e 4 68
e 4 132
e 4 143
e 4 176
e 4 177
e 4 191
e 4 262
e 4 272
e 4 284
e 4 287
e 4 315
e 4 339
e 4 391
e 4 475
e 4 496
e 4 501
e 4 525
e 4 538
e 4 543
e 4 563
e 4 599
e 4 606
e 4 857
e 4 871
e 4 893
e 4 997
e 4 1074
e 4 1130
e 4 1140
e 4 1222
e 4 1600
e 4 1610
e 4 1684
e 4 1870
e 4 1977
e 4 2135
e 4 2356
e 4 2359
e 4 2374
e 4 2394
e 4 2489
e 4 2529
e 4 2560
e 4 2700
e 4 2999
e 4 3013
e 4 3048
e 4 3205
e 4 3253
e 4 3401
e 4 3411
e 4 3622
e 4 3672
e 4 3678
e 4 3792
e 4 3857
e 4 3887
e 4 3958
e 4 4070
e 4 4090
e 4 4204
e 4 4368
e 4 4408
e 4 4558
e 4 4680
e 4 4690
e 4 4735
e 4 4872
e 4 4902
e 5 10
e 5 30
e 5 70
e 5 82
e 5 134
e 5 154
e 5 173
e 5 491
e 5 494
e 5 523
e 5 558
e 5 573
e 5 637
e 5 714
e 5 824
e 5 831
e 5 846
e 5 926
e 5 945
e 5 947
e 5 970
e 5 981
e 5 1043
e 5 1093
e 5 1152
e 5 1153
e 5 1178
e 5 1472
e 5 1658
e 5 1667
e 5 1685
e 5 1712
e 5 1726
e 5 1786
e 5 1793
e 5 1843
e 5 1957
e 5 1991
e 5 2023
e 5 2042
e 5 2191
e 5 2215
e 5 2340
e 5 2993
e 5 3032
e 5 3045
e 5 3377
e 5 3619
e 5 3627
e 5 3684
e 5 3740
e 5 3840
e 5 3933
e 5 4104
e 5 4128
e 5 4288
e 5 4538
e 5 4599
e 5 4664
e 5 4805
e 6 24
e 6 27
e 6 69
e 6 116
e 6 178
e 6 204
e 6 240
e 6 322
e 6 332
e 6 344
e 6 390
e 6 510
e 6 514
e 6 862
e 6 889
e 6 937
e 6 951
e 6 1068
e 6 1125
e 6 1289
e 6 1323
e 6 1560
e 6 1725
e 6 1782
e 6 1922
e 6 1923
e 6 2008
e 6 2230
e 6 2357
e 6 2800
e 6 2948
e 6 3085
e 6 3386
e 6 3410
e 6 3539
e 6 3560
e 6 3624
e 6 3676
e 6 3745
e 6 3849
e 6 3988
e 6 4228
e 6 4814
e 6 4989
e 7 8
e 7 9
e 7 15
e 7 22
e 7 31
e 7 40
e 7 65
e 7 265
e 7 446
e 7 505
e 7 537
e 7 836
e 7 963
e 7 1259
e 7 1287
e 7 1489
e 7 1562
e 7 1563
e 7 1580
e 7 1595
e 7 1596
e 7 1715
e 7 1746
e 7 1765
e 7 1835
e 7 2108
e 7 2513
e 7 2637
e 7 2799
e 7 2979
e 7 3024
e 7 3254
e 7 3700
e 7 3806
e 7 3873
e 7 3876
e 7 4183
e 7 4274
e 7 4482
e 7 4586
e 7 4622
e 7 4826
e 7 4858
e 8 35
e 8 85
e 8 291
e 8 368
e 8 414
e 8 611
e 8 659
e 8 721
e 8 732
e 8 828
e 8 905
e 8 953
e 8 1005
e 8 1006
e 8 1053
e 8 1167
e 8 1269
e 8 1432
e 8 1585
e 8 1631
e 8 1641
e 8 1683
e 8 1749
e 8 1778
e 8 1875
e 8 1937
e 8 2455
e 8 3239
e 8 3356
e 8 3357
e 8 3662
e 8 3848
e 8 3866
e 8 3892
e 8 3991
e 8 4470
e 8 4700
e 8 4741
e 8 4915
e 9 12
e 9 51
e 9 94
e 9 165
e 9 224
e 9 238
e 9 241
e 9 519
e 9 626
e 9 652
e 9 675
e 9 838
e 9 851
e 9 860
e 9 881
e 9 932
e 9 1032
e 9 1046
e 9 1236
e 9 1335
e 9 1620
e 9 1644
e 9 1775
e 9 1816
e 9 1914
e 9 1945
e 9 2734
e 9 2739
e 9 2835
e 9 3031
e 9 3232
e 9 3638
e 9 3663
e 9 4060
e 9 4158
e 9 4186
e 9 4260
e 9 4551
e 10 21
e 10 26
e 10 39
e 10 77
e 10 142
e 10 174
e 10 186
e 10 198
e 10 276
e 10 293
e 10 308
e 10 328
e 10 511
e 10 832
e 10 844
e 10 957
e 10 1606
e 10 1660
e 10 2056
e 10 2129
e 10 2140
e 10 2221
e 10 2884
e 10 3248
e 10 3307
e 10 3562
e 10 3711
e 10 3828
e 10 3908
e 10 4036
e 10 4610
e 10 4927
e 10 4960
e 11 96
e 11 137
e 11 217
e 11 242
e 11 245
e 11 382
e 11 566
e 11 725
e 11 911
e 11 1039
e 11 1523
e 11 1704
e 11 1745
e 11 1837
e 11 2175
e 11 2253
e 11 2443
e 11 2726
e 11 2790
e 11 2807
e 11 2863
e 11 2907
e 11 3036
e 11 3120
e 11 3415
e 11 4120
e 11 4466
e 11 4832
e 12 150
e 12 244
e 12 509
e 12 532
e 12 544
e 12 646
e 12 672
e 12 930
e 12 984
e 12 1126
e 12 1136
e 12 1267
e 12 1301
e 12 1655
e 12 1686
e 12 1831
e 12 2197
e 12 2464
e 12 3123
e 12 3328
e 12 3613
e 12 3648
e 12 3989
e 12 4068
e 12 4200
e 12 4353
e 12 4434
e 12 4844
e 13 49
e 13 103
e 13 156
e 13 174
e 13 648
e 13 793
e 13 931
e 13 1191
e 13 1215
e 13 1268
e 13 1624
e 13 1664
e 13 1755
e 13 1864
e 13 2193
e 13 2957
e 13 3297
e 13 3313
e 13 3329
e 13 3373
e 13 3449
e 13 3509
e 13 3569
e 13 3761
e 13 3821
e 13 4035
e 13 4053
e 13 4198
e 13 4716
e 14 51
e 14 341
e 14 428
e 14 577
e 14 593
e 14 843
e 14 941
e 14 1013
e 14 1351
e 14 1689
e 14 1705
e 14 1762
e 14 1986
e 14 2093
e 14 2134
e 14 2247
e 14 2587
e 14 2675
e 14 2817
e 14 2987
e 14 3035
e 14 3402
e 14 3501
e 14 3547
e 14 3660
e 14 3809
e 14 4066
e 14 4791
e 15 187
e 15 210
e 15 333
e 15 334
e 15 413
e 15 623
e 15 666
e 15 687
e 15 703
e 15 1302
e 15 1360
e 15 1494
e 15 1613
e 15 1668
e 15 1688
e 15 1865
e 15 2001
e 15 2039
e 15 2040
e 15 2408
e 15 2415
e 15 2493
e 15 2934
e 15 3088
e 15 3935
e 15 4177
e 15 4343
e 16 88
e 16 98
e 16 119
e 16 162
e 16 207
e 16 348
e 16 426
e 16 735
e 16 845
e 16 976
e 16 1232
e 16 1434
e 16 1455
e 16 1461
e 16 1635
e 16 1872
e 16 1952
e 16 1958
e 16 2059
e 16 2172
e 16 2177
e 16 2580
e 16 2992
e 16 3170
e 16 3233
e 16 3563
e 17 55
e 17 77
e 17 261
e 17 443
e 17 589
e 17 639
e 17 852
e 17 989
e 17 1114
e 17 1441
e 17 1681
e 17 1723
e 17 1825
e 17 1973
e 17 2038
e 17 2568
e 17 2640
e 17 2683
e 17 2731
e 17 2793
e 17 2924
e 17 3060
e 17 3435
e 17 3570
e 17 3838
e 17 4641
e 17 4962
e 18 81
e 18 223
e 18 337
e 18 364
e 18 365
e 18 386
e 18 497
e 18 535
e 18 678
e 18 939
e 18 960
e 18 1608
e 18 1874
e 18 1990
e 18 2291
e 18 2309
e 18 2421
e 18 2707
e 18 3140
e 18 3309
e 18 3482
e 18 3485
e 18 4005
e 18 4582
e 18 4726
e 19 213
e 19 394
e 19 539
e 19 698
e 19 973
e 19 1057
e 19 1285
e 19 1297
e 19 1445
e 19 1509
e 19 1551
e 19 1718
e 19 1736
e 19 1744
e 19 1873
e 19 1951
e 19 2365
e 19 2429
e 19 2445
e 19 2676
e 19 2773
e 19 3727
e 19 3949
e 19 4232
e 19 4877
e 20 206
e 20 263
e 20 264
e 20 327
e 20 347
e 20 401
e 20 432
e 20 736
e 20 1192
e 20 1249
e 20 1586
e 20 1609
e 20 1789
e 20 1852
e 20 2294
e 20 2336
e 20 2577
e 20 2795
e 20 2936
e 20 3068
e 20 3210
e 20 3240
e 20 3789
e 20 4736
e 21 37
e 21 400
e 21 730
e 21 741
e 21 1158
e 21 1320
e 21 1350
e 21 1639
e 21 1663
e 21 1758
e 21 1803
e 21 1820
e 21 1826
e 21 1846
e 21 3095
e 21 3201
e 21 3252
e 21 3327
e 21 3681
e 21 3905
e 21 4021
e 21 4403
e 21 4867
e 21 4925
e 22 175
e 22 179
e 22 378
e 22 680
e 22 1374
e 22 1383
e 22 1488
e 22 1611
e 22 1695
e 22 1842
e 22 2027
e 22 2163
e 22 2704
e 22 2770
e 22 3040
e 22 3057
e 22 3112
e 22 3162
e 22 3736
e 22 3965
e 22 4045
e 22 4286
e 22 4765
e 23 135
e 23 166
e 23 182
e 23 193
e 23 251
e 23 481
e 23 512
e 23 614
e 23 1220
e 23 1615
e 23 1617
e 23 2079
e 23 2277
e 23 2337
e 23 2439
e 23 2598
e 23 2903
e 23 3786
e 23 4357
e 23 4362
e 23 4485
e 23 4898
e 23 4944
e 24 90
e 24 218
e 24 350
e 24 397
e 24 625
e 24 754
e 24 1083
e 24 1638
e 24 1645
e 24 1982
e 24 2437
e 24 2490
e 24 2747
e 24 2834
e 24 2876
e 24 2962
e 24 3003
e 24 3261
e 24 3366
e 24 3956
e 24 3992
e 24 4317
e 24 4892
e 25 326
e 25 343
e 25 527
e 25 668
e 25 682
e 25 712
e 25 1358
e 25 1633
e 25 2064
e 25 2071
e 25 2313
e 25 2351
e 25 2484
e 25 2775
e 25 2824
e 25 2920
e 25 2946
e 25 3097
e 25 3106
e 25 3529
e 25 4545
e 25 4794
e 26 269
e 26 688
e 26 886
e 26 897
e 26 1179
e 26 1226
e 26 1376
e 26 1818
e 26 1996
e 26 2011
e 26 2488
e 26 2656
e 26 2774
e 26 3213
e 26 3268
e 26 3636
e 26 4012
e 26 4083
e 26 4294
e 26 4719
e 26 4935
e 27 46
e 27 56
e 27 72
e 27 76
e 27 80
e 27 335
e 27 1049
e 27 1345
e 27 1417
e 27 1598
e 27 1648
e 27 1859
e 27 2517
e 27 2599
e 27 3028
e 27 3172
e 27 3868
e 27 4020
e 27 4212
e 27 4846
e 28 47
e 28 62
e 28 101
e 28 1035
e 28 1095
e 28 1141
e 28 1309
e 28 1526
e 28 1603
e 28 1714
e 28 1763
e 28 2021
e 28 2495
e 28 2524
e 28 3716
e 28 4041
e 28 4392
e 28 4874
e 28 4932
e 29 318
e 29 436
e 29 444
e 29 530
e 29 536
e 29 854
e 29 863
e 29 1069
e 29 1104
e 29 1340
e 29 1812
e 29 1890
e 29 1906
e 29 2058
e 29 2143
e 29 2262
e 29 2825
e 29 3407
e 29 3677
e 30 239
e 30 273
e 30 516
e 30 1090
e 30 1164
e 30 1517
e 30 1959
e 30 2150
e 30 2194
e 30 2420
e 30 2949
e 30 3207
e 30 3388
e 30 3440
e 30 3450
e 30 3607
e 30 4503
e 30 4878
e 31 60
e 31 189
e 31 321
e 31 412
e 31 447
e 31 548
e 31 610
e 31 880
e 31 1428
e 31 1607
e 31 1909
e 31 2276
e 31 2346
e 31 3183
e 31 4009
e 31 4123
e 31 4827
e 32 129
e 32 250
e 32 257
e 32 526
e 32 583
e 32 619
e 32 821
e 32 972
e 32 1204
e 32 1362
e 32 1440
e 32 1970
e 32 2052
e 32 3399
e 32 4548
e 32 4687
e 32 4885
e 33 313
e 33 370
e 33 667
e 33 827
e 33 928
e 33 1008
e 33 1037
e 33 1052
e 33 1170
e 33 1506
e 33 1694
e 33 1701
e 33 1706
e 33 1713
e 33 2831
e 33 4609
e 34 39
e 34 79
e 34 112
e 34 966
e 34 1070
e 34 1675
e 34 1776
e 34 1807
e 34 1855
e 34 2124
e 34 2755
e 34 3108
e 34 3698
e 34 4316
e 34 4468
e 34 4737
e 34 4777
e 35 567
e 35 847
e 35 1270
e 35 1318
e 35 1364
e 35 1370
e 35 1401
e 35 1671
e 35 2031
e 35 2358
e 35 2803
e 35 3314
e 35 3346
e 35 3447
e 35 4001
e 35 4999
e 36 94
e 36 102
e 36 404
e 36 565
e 36 569
e 36 950
e 36 1203
e 36 1928
e 36 2219
e 36 2307
e 36 2448
e 36 2610
e 36 3397
e 36 3856
e 36 4841
e 36 4849
e 37 123
e 37 296
e 37 367
e 37 1213
e 37 1508
e 37 1529
e 37 1919
e 37 2110
e 37 2353
e 37 2371
e 37 3573
e 37 3617
e 37 3931
e 37 4131
e 37 4596
e 38 60
e 38 110
e 38 121
e 38 540
e 38 681
e 38 901
e 38 1626
e 38 2109
e 38 2251
e 38 2497
e 38 2551
e 38 3631
e 38 3702
e 38 3791
e 38 4614
e 39 91
e 39 95
e 39 155
e 39 235
e 39 268
e 39 349
e 39 387
e 39 504
e 39 1524
e 39 1637
e 39 1761
e 39 2715
e 39 3565
e 40 113
e 40 330
e 40 728
e 40 765
e 40 840
e 40 910
e 40 2674
e 40 2689
e 40 2721
e 40 2845
e 40 2869
e 40 2895
e 40 3851
e 40 4984
e 41 864
e 41 933
e 41 1330
e 41 1567
e 41 1672
e 41 1768
e 41 1834
e 41 1984
e 41 2242
e 41 2348
e 41 2623
e 41 3336
e 41 3572
e 41 4278
e 42 87
e 42 170
e 42 185
e 42 551
e 42 693
e 42 995
e 42 1623
e 42 1690
e 42 1764
e 42 2149
e 42 2418
e 42 2663
e 42 3441
e 42 4683
e 43 279
e 43 449
e 43 761
e 43 914
e 43 929
e 43 1403
e 43 1536
e 43 2733
e 43 3030
e 43 3041
e 43 3334
e 43 3578
e 43 4522
e 43 4834
e 44 86
e 44 275
e 44 894
e 44 1024
e 44 1041
e 44 1142
e 44 1787
e 44 2269
e 44 2364
e 44 3721
e 44 3939
e 44 4164
e 44 4268
e 44 4648
e 44 4658
e 45 121
e 45 628
e 45 1081
e 45 1094
e 45 1194
e 45 1214
e 45 2227
e 45 2250
e 45 2533
e 45 2601
e 45 3493
e 45 3620
e 45 3695
e 45 3782
e 45 4520
e 46 126
e 46 791
e 46 923
e 46 956
e 46 987
e 46 1206
e 46 1569
e 46 1819
e 46 1829
e 46 1861
e 46 2331
e 46 2838
e 46 4028
e 46 4889
e 47 819
e 47 921
e 47 935
e 47 1184
e 47 1519
e 47 2010
e 47 2014
e 47 2828
e 47 4459
e 47 4644
e 47 4647
e 47 4703
e 47 4755
e 48 255
e 48 363
e 48 488
e 48 587
e 48 1420
e 48 1574
e 48 2097
e 48 2441
e 48 2518
e 48 2626
e 48 2648
e 48 3166
e 48 3834
e 48 4568
e 49 215
e 49 1282
e 49 1310
e 49 1337
e 49 1486
e 49 1964
e 49 2074
e 49 2104
e 49 2413
e 49 2434
e 49 3442
e 49 4323
e 49 4332
e 50 219
e 50 482
e 50 552
e 50 796
e 50 875
e 50 1001
e 50 1160
e 50 1219
e 50 1394
e 50 1679
e 50 2072
e 50 2427
e 50 3439
e 51 601
e 51 653
e 51 833
e 51 1003
e 51 1355
e 51 1643
e 51 1757
e 51 2477
e 51 2478
e 51 3530
e 51 4160
e 52 243
e 52 311
e 52 890
e 52 1047
e 52 1119
e 52 1182
e 52 1256
e 52 1366
e 52 1543
e 52 1999
e 52 4065
e 52 4980
e 53 153
e 53 252
e 53 838
e 53 885
e 53 1649
e 53 1729
e 53 1788
e 53 1879
e 53 2887
e 53 3016
e 53 4187
e 53 4656
e 53 4803
e 54 69
e 54 1326
e 54 1808
e 54 2065
e 54 2102
e 54 2208
e 54 2460
e 54 3094
e 54 3241
e 54 3616
e 54 3754
e 54 4263
e 54 4761
e 55 58
e 55 227
e 55 919
e 55 1010
e 55 1014
e 55 1242
e 55 1378
e 55 2496
e 55 2570
e 55 2906
e 55 2960
e 55 4949
e 56 158
e 56 399
e 56 419
e 56 968
e 56 1814
e 56 1932
e 56 1934
e 56 2165
e 56 3420
e 56 3600
e 56 4650
e 56 4666
e 57 259
e 57 379
e 57 612
e 57 1116
e 57 2635
e 57 2798
e 57 3033
e 57 3132
e 57 3362
e 57 3503
e 57 3832
e 57 4185
e 57 4747
e 58 664
e 58 979
e 58 2049
e 58 2141
e 58 2205
e 58 2335
e 58 2481
e 58 2847
e 58 3566
e 58 4291
e 58 4630
e 58 4909
e 59 278
e 59 869
e 59 1446
e 59 1614
e 59 1674
e 59 1697
e 59 2880
e 59 3214
e 59 3427
e 59 4645
e 59 4996
e 60 433
e 60 570
e 60 785
e 60 1023
e 60 1272
e 60 1273
e 60 1756
e 60 2314
e 60 2864
e 60 3841
e 61 226
e 61 655
e 61 942
e 61 1625
e 61 1650
e 61 2080
e 61 2749
e 61 3149
e 61 3542
e 61 3817
e 61 4713
e 62 108
e 62 282
e 62 411
e 62 908
e 62 1573
e 62 2145
e 62 2171
e 62 2938
e 62 3571
e 62 4514
e 62 4840
e 63 554
e 63 590
e 63 605
e 63 839
e 63 867
e 63 1659
e 63 1993
e 63 2852
e 63 3263
e 63 4072
e 63 4598
e 63 4910
e 64 84
e 64 1071
e 64 1180
e 64 1223
e 64 1338
e 64 2076
e 64 2087
e 64 2956
e 64 3943
e 64 3969
e 64 4102
e 64 4784
e 65 104
e 65 742
e 65 934
e 65 1016
e 65 1262
e 65 2136
e 65 2471
e 65 3109
e 65 3859
e 65 3880
e 66 109
e 66 132
e 66 393
e 66 2389
e 66 2631
e 66 2636
e 66 2644
e 66 3099
e 66 3100
e 66 3691
e 66 3811
e 67 110
e 67 561
e 67 763
e 67 826
e 67 2751
e 67 2827
e 67 2862
e 67 3712
e 67 3827
e 67 3853
e 67 4194
e 68 398
e 68 498
e 68 727
e 68 1325
e 68 1630
e 68 1682
e 68 1976
e 68 2666
e 68 3376
e 68 4954
e 69 157
e 69 1980
e 69 2111
e 69 3049
e 69 3065
e 69 3394
e 69 3941
e 69 4003
e 69 4861
e 70 439
e 70 837
e 70 898
e 70 2572
e 70 2844
e 70 3136
e 70 3355
e 70 4243
e 70 4432
e 70 4976
e 71 496
e 71 858
e 71 1200
e 71 1263
e 71 1382
e 71 1938
e 71 1969
e 71 2870
e 71 3255
e 71 3919
e 71 4504
e 72 201
e 72 377
e 72 1084
e 72 1291
e 72 1963
e 72 3110
e 72 4409
e 72 4415
e 72 4573
e 72 4968
e 73 216
e 73 267
e 73 343
e 73 372
e 73 395
e 73 604
e 73 1329
e 73 2527
e 73 3066
e 73 4304
e 73 4916
e 74 233
e 74 722
e 74 1133
e 74 2144
e 74 2375
e 74 2541
e 74 3004
e 74 3324
e 74 3854
e 74 4769
e 75 136
e 75 1255
e 75 1632
e 75 1711
e 75 1871
e 75 2100
e 75 3151
e 75 3486
e 75 4733
e 76 184
e 76 283
e 76 456
e 76 1605
e 76 1854
e 76 2293
e 76 2377
e 76 2589
e 76 3318
e 77 120
e 77 183
e 77 805
e 77 1640
e 77 1677
e 77 1740
e 77 3371
e 77 4816
e 78 329
e 78 345
e 78 829
e 78 1528
e 78 1867
e 78 3130
e 78 3597
e 78 3651
e 78 4854
e 79 124
e 79 520
e 79 1107
e 79 1162
e 79 2716
e 79 2846
e 79 3656
e 79 3788
e 79 4092
e 80 248
e 80 256
e 80 389
e 80 507
e 80 522
e 80 1561
e 80 1895
e 80 3002
e 80 3178
e 81 151
e 81 1662
e 81 1759
e 81 1889
e 81 1960
e 81 2214
e 81 2265
e 81 2778
e 81 3925
e 82 356
e 82 361
e 82 645
e 82 866
e 82 1460
e 82 1805
e 82 1824
e 82 3438
e 82 4995
e 83 92
e 83 192
e 83 241
e 83 1334
e 83 1931
e 83 2390
e 83 2398
e 83 3342
e 83 3590
e 83 4219
e 84 617
e 84 883
e 84 1422
e 84 2442
e 84 2692
e 84 3900
e 84 4176
e 84 4897
e 85 513
e 85 533
e 85 1089
e 85 1676
e 85 1680
e 85 1839
e 85 1904
e 85 2614
e 85 2687
e 86 384
e 86 501
e 86 920
e 86 1371
e 86 1691
e 86 1779
e 86 3055
e 86 3303
e 86 3805
e 87 309
e 87 469
e 87 994
e 87 1941
e 87 1950
e 87 2139
e 87 3389
e 87 4865
e 87 4896
e 88 280
e 88 359
e 88 374
e 88 381
e 88 1155
e 88 3141
e 88 3230
e 88 3416
e 88 4652
e 89 1284
e 89 1416
e 89 1433
e 89 1737
e 89 2984
e 89 3115
e 89 3182
e 89 3249
e 89 4207
e 90 407
e 90 922
e 90 1473
e 90 1799
e 90 2256
e 90 3278
e 90 4091
e 90 4281
e 90 4893
e 91 1566
e 91 2184
e 91 2562
e 91 2665
e 91 3347
e 91 3946
e 91 4201
e 91 4247
e 91 4350
e 92 1217
e 92 1307
e 92 2037
e 92 2252
e 92 2537
e 92 2735
e 92 3506
e 92 3889
e 92 4564
e 93 188
e 93 246
e 93 408
e 93 572
e 93 596
e 93 3341
e 93 3758
e 93 4295
e 94 138
e 94 944
e 94 1082
e 94 2083
e 94 2612
e 94 3984
e 94 4800
e 95 297
e 95 340
e 95 643
e 95 1876
e 95 2654
e 95 3794
e 95 4299
e 95 4578
e 96 574
e 96 917
e 96 1101
e 96 2815
e 96 3519
e 96 4257
e 96 4417
e 96 4830
e 97 160
e 97 259
e 97 831
e 97 938
e 97 1520
e 97 1702
e 97 1903
e 97 2440
e 97 4637
e 98 856
e 98 1379
e 98 2507
e 98 3715
e 98 3785
e 98 3903
e 98 4040
e 98 4318
e 99 288
e 99 586
e 99 1025
e 99 1587
e 99 1656
e 99 1822
e 99 2917
e 99 3468
e 100 306
e 100 328
e 100 815
e 100 1880
e 100 1887
e 100 2117
e 100 2851
e 100 4079
e 100 4662
e 101 647
e 101 902
e 101 1324
e 101 1921
e 101 2681
e 101 3138
e 101 3897
e 101 4530
e 102 305
e 102 1059
e 102 1518
e 102 1939
e 102 2003
e 102 3731
e 102 3917
e 102 4048
e 103 555
e 103 803
e 103 1771
e 103 2388
e 103 3630
e 103 4400
e 103 4416
e 103 4812
e 104 982
e 104 1176
e 104 1727
e 104 3082
e 104 3444
e 104 4110
e 104 4540
e 104 4871
e 105 323
e 105 361
e 105 965
e 105 1410
e 105 2567
e 105 2752
e 105 2881
e 105 3216
e 105 4148
e 106 179
e 106 230
e 106 304
e 106 663
e 106 2431
e 106 2607
e 106 2991
e 106 3724
e 106 4544
e 107 357
e 107 1063
e 107 1078
e 107 1248
e 107 2133
e 107 2454
e 107 2914
e 107 3669
e 107 3869
e 108 723
e 108 767
e 108 971
e 108 1210
e 108 2678
e 108 3074
e 108 4082
e 108 4787
e 109 1395
e 109 1504
e 109 2147
e 109 2482
e 109 2620
e 109 3586
e 109 3611
e 109 4157
e 110 225
e 110 884
e 110 1948
e 110 2401
e 110 4218
e 111 148
e 111 1866
e 111 2584
e 111 2836
e 111 2886
e 111 3561
e 111 3913
e 112 434
e 112 946
e 112 1067
e 112 2092
e 112 2753
e 112 2974
e 112 4269
e 113 199
e 113 691
e 113 720
e 113 784
e 113 2312
e 113 3973
e 113 4451
e 114 266
e 114 671
e 114 1929
e 114 1998
e 114 2306
e 114 2615
e 114 3196
e 115 355
e 115 640
e 115 1942
e 115 2458
e 115 3682
e 115 4221
e 115 4815
e 116 220
e 116 1503
e 116 1774
e 116 1908
e 116 1988
e 116 2332
e 116 3728
e 117 178
e 117 545
e 117 729
e 117 1848
e 117 2809
e 117 3133
e 117 3291
e 117 4189
e 118 184
e 118 521
e 118 1135
e 118 1331
e 118 2456
e 118 3256
e 118 4174
e 118 4774
e 119 1339
e 119 1402
e 119 2029
e 119 2099
e 119 2370
e 119 3559
e 119 3725
e 120 1129
e 120 1224
e 120 1754
e 120 2613
e 120 2867
e 120 2940
e 120 3235
e 121 463
e 121 2416
e 121 3647
e 121 4180
e 121 4467
e 121 4806
e 122 363
e 122 961
e 122 2213
e 122 2317
e 122 2592
e 122 3709
e 122 3964
e 122 4314
e 123 892
e 123 1954
e 123 2406
e 123 3001
e 123 3185
e 123 3381
e 123 4993
e 124 1218
e 124 1469
e 124 2161
e 124 2535
e 124 2872
e 124 3272
e 124 3426
e 125 193
e 125 2000
e 125 2875
e 125 3577
e 125 3835
e 125 3845
e 125 3977
e 125 4555
e 126 607
e 126 1388
e 126 2769
e 126 2980
e 126 3061
e 126 4130
e 126 4238
e 127 145
e 127 472
e 127 1431
e 127 1968
e 127 2082
e 127 2652
e 127 2722
e 127 3296
e 128 161
e 128 1384
e 128 2409
e 128 2697
e 128 2748
e 128 3038
e 128 4442
e 128 4853
e 129 650
e 129 1018
e 129 1265
e 129 1882
e 129 1886
e 129 4039
e 129 4361
e 130 281
e 130 1501
e 130 2304
e 130 2558
e 130 2634
e 130 2757
e 130 3046
e 130 3628
e 131 375
e 131 2081
e 131 2942
e 131 4145
e 131 4321
e 131 4829
e 132 317
e 132 834
e 132 835
e 132 912
e 132 2639
e 133 146
e 133 202
e 133 396
e 133 1885
e 133 3332
e 133 3983
e 134 200
e 134 357
e 134 584
e 134 870
e 134 1817
e 134 4695
e 135 247
e 135 503
e 135 1161
e 135 1735
e 135 1920
e 135 2603
e 136 221
e 136 354
e 136 918
e 136 1017
e 136 1653
e 136 2849
e 137 927
e 137 1011
e 137 1347
e 137 1423
e 137 2179
e 137 4952
e 138 696
e 138 1105
e 138 1813
e 138 2050
e 138 2158
e 138 3076
e 139 190
e 139 277
e 139 1127
e 139 1892
e 139 2605
e 139 3932
e 140 229
e 140 531
e 140 868
e 140 1061
e 140 4594
e 140 4603
e 141 524
e 141 1860
e 141 2204
e 141 2850
e 141 3800
e 141 3985
e 142 451
e 142 529
e 142 974
e 142 1707
e 142 3265
e 142 4406
e 143 478
e 143 564
e 143 1918
e 143 2319
e 143 2929
e 143 3429
e 144 176
e 144 1490
e 144 1947
e 144 2559
e 144 2885
e 144 4712
e 144 4945
e 145 468
e 145 1075
e 145 2125
e 145 3434
e 145 3901
e 146 798
e 146 1564
e 146 2156
e 146 2285
e 146 2468
e 146 3723
e 147 231
e 147 271
e 147 2061
e 147 3685
e 147 3837
e 147 4776
e 148 634
e 148 1313
e 148 1766
e 148 1796
e 148 2810
e 148 2953
e 149 417
e 149 1077
e 149 2018
e 149 2121
e 149 3153
e 149 3259
e 150 642
e 150 1747
e 150 3290
e 150 4494
e 150 4818
e 150 4906
e 151 662
e 151 1201
e 151 1367
e 151 1447
e 151 2169
e 151 3858
e 152 244
e 152 581
e 152 697
e 152 872
e 152 1785
e 152 2160
e 152 2997
e 153 915
e 153 998
e 153 1399
e 153 1479
e 153 2606
e 153 3418
e 154 1772
e 154 1791
e 154 2176
e 154 2369
e 154 4059
e 154 4259
e 155 669
e 155 1007
e 155 1390
e 155 1734
e 155 1742
e 155 4860
e 156 2178
e 156 2444
e 156 2642
e 156 3006
e 156 3056
e 156 3129
e 157 954
e 157 2054
e 157 3269
e 157 3694
e 157 4370
e 157 4866
e 158 1157
e 158 1398
e 158 1844
e 158 3180
e 158 3910
e 158 4356
e 159 284
e 159 487
e 159 1143
e 159 1832
e 159 4679
e 159 4783
e 159 4796
e 160 1108
e 160 1575
e 160 1989
e 160 2983
e 160 3982
e 160 4215
e 161 430
e 161 1521
e 161 3575
e 161 4322
e 161 4595
e 162 1878
e 162 1911
e 162 1987
e 162 3067
e 162 3671
e 162 3970
e 163 256
e 163 1195
e 163 1552
e 163 2130
e 163 2203
e 163 2491
e 163 3331
e 164 402
e 164 762
e 164 1312
e 164 3225
e 164 3464
e 164 3652
e 164 4955
e 165 1978
e 165 2030
e 165 2096
e 165 2843
e 165 3454
e 165 3654
e 166 708
e 166 2218
e 166 2260
e 166 3148
e 166 3369
e 166 4950
e 167 392
e 167 753
e 167 2063
e 167 3461
e 167 4340
e 167 4425
e 167 4633
e 168 1151
e 168 2771
e 168 2787
e 168 3532
e 168 4172
e 168 4720
e 169 578
e 169 1252
e 169 1516
e 169 2366
e 169 3626
e 169 3639
e 169 4107
e 170 802
e 170 2452
e 170 2701
e 170 3073
e 170 3374
e 170 4580
e 171 469
e 171 1530
e 171 2461
e 171 3938
e 171 4054
e 171 4103
e 171 4547
e 172 237
e 172 1392
e 172 2673
e 172 3079
e 172 4788
e 173 380
e 173 1670
e 173 1719
e 173 2012
e 173 2045
e 174 1584
e 174 1698
e 174 2137
e 174 2758
e 175 865
e 175 1002
e 175 2932
e 175 3707
e 175 3902
e 176 1443
e 176 2582
e 176 2658
e 176 3528
e 177 181
e 177 1031
e 177 1687
e 177 1917
e 177 3972
e 178 1665
e 178 1925
e 178 2777
e 178 4143
e 179 1592
e 179 2006
e 179 2762
e 179 3009
e 180 255
e 180 310
e 180 1045
e 180 3300
e 180 4626
e 181 1060
e 181 2492
e 181 3666
e 181 3870
e 181 4008
e 182 706
e 182 1033
e 182 1971
e 182 2664
e 182 3516
e 183 353
e 183 485
e 183 1995
e 183 2788
e 183 4047
e 184 253
e 184 1478
e 184 1636
e 184 3325
e 185 582
e 185 734
e 185 2387
e 185 2985
e 185 3807
e 186 1794
e 186 1810
e 186 2832
e 186 3096
e 186 4264
e 187 1780
e 187 1907
e 187 2162
e 187 3886
e 187 4678
e 188 1815
e 188 1856
e 188 2501
e 188 2611
e 188 2785
e 189 855
e 189 1166
e 189 4383
e 189 4461
e 189 4715
e 190 416
e 190 1168
e 190 1336
e 190 3646
e 190 4388
e 191 1062
e 191 2075
e 191 2237
e 191 2595
e 191 4561
e 192 2590
e 192 2645
e 192 2724
e 192 4308
e 192 4335
e 193 376
e 193 1138
e 193 1654
e 193 3305
e 194 975
e 194 2702
e 194 3092
e 194 3826
e 194 4000
e 195 523
e 195 1021
e 195 1056
e 195 1341
e 195 2115
e 195 2311
e 196 338
e 196 1753
e 196 2632
e 196 2889
e 196 4306
e 196 4495
e 197 299
e 197 527
e 197 1732
e 197 1743
e 197 2095
e 197 4476
e 198 550
e 198 1020
e 198 1661
e 198 3116
e 198 4929
e 199 1112
e 199 2043
e 199 2241
e 199 2278
e 199 3979
e 200 594
e 200 1257
e 200 1352
e 200 1792
e 200 2148
e 201 371
e 201 1514
e 201 2383
e 201 2643
e 201 3472
e 202 559
e 202 1106
e 202 2155
e 202 2453
e 202 4710
e 203 813
e 203 2069
e 203 2727
e 203 4122
e 203 4717
e 204 2210
e 204 2329
e 204 2381
e 204 3343
e 204 4431
e 205 240
e 205 438
e 205 1120
e 205 1292
e 205 1801
e 205 2732
e 206 448
e 206 2685
e 206 2750
e 206 3005
e 206 3223
e 207 1806
e 207 2034
e 207 2393
e 207 3525
e 207 3916
e 208 744
e 208 1088
e 208 1858
e 208 1936
e 208 3019
e 209 588
e 209 600
e 209 1030
e 209 1841
e 209 4734
e 210 2106
e 210 2187
e 210 2320
e 210 3945
e 210 4050
e 211 406
e 211 690
e 211 1076
e 211 2036
e 211 2396
e 212 528
e 212 1306
e 212 2981
e 212 3078
e 212 3479
e 212 4498
e 213 808
e 213 2487
e 213 2865
e 213 3034
e 213 4344
e 214 234
e 214 238
e 214 673
e 214 2959
e 214 4282
e 214 4352
e 215 1146
e 215 1522
e 215 1905
e 215 2937
e 215 3515
e 216 999
e 216 1096
e 216 1411
e 216 2283
e 216 2891
e 217 2113
e 217 3071
e 217 3298
e 217 4163
e 217 4912
e 218 1004
e 218 3017
e 218 4190
e 218 4367
e 218 4634
e 219 236
e 219 1190
e 219 2565
e 219 3390
e 219 4173
e 220 818
e 220 1926
e 220 1961
e 220 2086
e 220 3393
e 221 1898
e 221 2094
e 221 3699
e 221 3717
e 221 4168
e 222 586
e 222 1086
e 222 2186
e 222 3150
e 222 3217
e 222 3872
e 223 2405
e 223 2509
e 223 3273
e 223 3404
e 223 3747
e 224 2361
e 224 2536
e 224 2866
e 224 3354
e 224 3504
e 225 1079
e 225 1582
e 225 3812
e 225 4729
e 225 4887
e 226 716
e 226 2089
e 226 2236
e 226 3308
e 226 4780
e 227 1092
e 227 1149
e 227 1507
e 227 2578
e 227 4248
e 228 660
e 228 786
e 228 1393
e 228 2233
e 228 3090
e 228 4606
e 229 719
e 229 2255
e 229 2430
e 229 2699
e 229 4471
e 230 777
e 230 2425
e 230 2947
e 230 3315
e 230 3543
e 231 1556
e 231 2469
e 231 2902
e 231 3257
e 231 3473
e 232 460
e 232 1260
e 232 2273
e 232 3421
e 232 3951
e 232 4209
e 233 1251
e 233 1304
e 233 2994
e 233 4358
e 233 4705
e 234 2500
e 234 2823
e 234 3476
e 234 3722
e 234 4762
e 235 1253
e 235 2609
e 235 3137
e 235 3936
e 235 4363
e 236 1283
e 236 3015
e 236 4454
e 236 4501
e 236 4649
e 237 431
e 237 2315
e 237 3177
e 237 4188
e 238 2797
e 238 3502
e 238 4619
e 239 274
e 239 369
e 239 1847
e 239 2047
e 240 2002
e 240 2196
e 240 2472
e 241 632
e 241 849
e 241 1739
e 242 358
e 242 2322
e 242 2783
e 242 4365
e 243 285
e 243 1534
e 243 1798
e 243 3007
e 244 458
e 244 2328
e 244 3521
e 245 290
e 245 592
e 245 1627
e 245 1647
e 246 709
e 246 900
e 246 948
e 246 2235
e 247 258
e 247 437
e 247 3720
e 247 4360
e 248 724
e 248 1537
e 248 3465
e 248 4845
e 249 2557
e 249 2622
e 249 2651
e 249 3084
e 250 2479
e 250 3443
e 250 3675
e 250 4150
e 251 1451
e 251 1790
e 251 2931
e 251 3522
e 252 466
e 252 1098
e 252 2127
e 252 2287
e 253 2349
e 253 3050
e 253 4037
e 253 4488
e 254 1207
e 254 2927
e 254 4115
e 254 4873
e 255 1264
e 255 2548
e 255 4227
e 256 1408
e 256 4331
e 256 4709
e 257 737
e 257 1277
e 257 2228
e 257 3147
e 258 1118
e 258 1784
e 258 1915
e 258 4592
e 259 876
e 259 3510
e 259 4369
e 260 845
e 260 913
e 260 3020
e 260 3052
e 260 4093
e 261 2280
e 261 2465
e 261 2964
e 261 2973
e 262 903
e 262 1902
e 262 2338
e 262 2672
e 263 983
e 263 2055
e 263 2249
e 263 2596
e 264 467
e 264 1188
e 264 1199
e 264 2698
e 265 641
e 265 1193
e 265 2041
e 265 4569
e 266 2085
e 266 2310
e 266 4042
e 266 4378
e 267 757
e 267 1314
e 267 3338
e 267 4096
e 268 749
e 268 1183
e 268 1531
e 268 4725
e 269 1927
e 269 1966
e 269 4629
e 269 4998
e 270 350
e 270 704
e 270 962
e 270 1243
e 270 3197
e 271 579
e 271 1845
e 271 3195
e 271 3267
e 272 699
e 272 1000
e 272 1851
e 272 2207
e 273 746
e 273 3131
e 273 4601
e 273 4921
e 274 959
e 274 2035
e 274 4140
e 274 4646
e 275 1128
e 275 1150
e 275 3881
e 275 4364
e 276 2695
e 276 3730
e 276 4612
e 276 4899
e 277 1568
e 277 1850
e 277 2272
e 277 3251
e 278 1413
e 278 3146
e 278 3557
e 278 4665
e 279 388
e 279 2257
e 279 2410
e 279 2633
e 280 1066
e 280 1091
e 280 2131
e 280 4938
e 281 1797
e 281 2368
e 281 2859
e 282 2756
e 282 2977
e 282 4510
e 282 4628
e 283 486
e 283 755
e 283 3246
e 283 4261
e 284 977
e 284 4663
e 284 4879
e 285 620
e 285 1953
e 285 2327
e 285 4801
e 286 847
e 286 1804
e 286 2220
e 286 2428
e 286 4256
e 287 807
e 287 1169
e 287 2811
e 287 4688
e 288 1482
e 288 1983
e 288 2649
e 288 4625
e 289 512
e 289 1910
e 289 2138
e 289 4165
e 289 4170
e 290 967
e 290 1868
e 290 3275
e 290 4931
e 291 3801
e 291 4517
e 291 4823
e 291 4994
e 292 408
e 292 622
e 292 1453
e 292 2545
e 292 2789
e 293 694
e 293 3262
e 293 3614
e 293 4686
e 294 526
e 294 1913
e 294 2105
e 294 2563
e 294 4559
e 295 1981
e 295 2103
e 295 2432
e 295 2730
e 296 1009
e 296 1064
e 296 2341
e 296 4782
e 297 766
e 297 2051
e 297 2302
e 297 4923
e 298 613
e 298 726
e 298 2258
e 298 4384
e 298 4905
e 299 705
e 299 2761
e 299 2986
e 299 3387
e 300 636
e 300 3375
e 300 3686
e 300 3765
e 300 4149
e 301 619
e 301 2101
e 301 3496
e 301 4067
e 301 4231
e 302 377
e 302 2091
e 302 2483
e 302 2586
e 302 4589
e 303 470
e 303 598
e 303 3531
e 303 3959
e 303 4217
e 304 2152
e 304 2286
e 304 2768
e 304 4114
e 305 1254
e 305 2911
e 305 3505
e 305 3599
e 306 2073
e 306 2602
e 306 2826
e 306 3348
e 307 1028
e 307 1109
e 307 1110
e 307 1246
e 307 4604
e 308 692
e 308 1597
e 308 2679
e 308 4061
e 309 670
e 309 2556
e 309 2786
e 309 4536
e 310 320
e 310 707
e 310 2462
e 310 3594
e 311 1294
e 311 2703
e 311 2989
e 311 4507
e 312 739
e 312 3200
e 312 3292
e 312 4511
e 313 1172
e 313 2525
e 313 2617
e 313 3113
e 314 626
e 314 1475
e 314 2279
e 314 2995
e 314 4969
e 315 1495
e 315 3022
e 315 3353
e 315 3460
e 316 2593
e 316 2743
e 316 3047
e 316 3612
e 317 2486
e 317 3478
e 317 4436
e 317 4743
e 318 1449
e 318 2350
e 318 3480
e 318 4701
e 319 1163
e 319 3508
e 319 3538
e 319 4330
e 319 4809
e 320 3714
e 320 4457
e 320 4463
e 320 4632
e 321 2581
e 321 2711
e 321 3198
e 321 3484
e 322 2514
e 322 2990
e 322 3451
e 322 4698
e 323 1499
e 323 3412
e 323 3911
e 323 4267
e 324 756
e 324 1185
e 324 1500
e 324 3445
e 324 3588
e 325 667
e 325 822
e 325 1463
e 325 2923
e 325 4706
e 326 3237
e 326 4193
e 326 4242
e 326 4552
e 327 546
e 327 839
e 327 1783
e 328 657
e 328 2192
e 329 575
e 329 879
e 329 4424
e 330 1646
e 330 2352
e 330 2403
e 331 1894
e 331 2068
e 331 3544
e 332 1652
e 332 3470
e 332 3759
e 333 1956
e 333 3574
e 333 4196
e 334 1897
e 334 3107
e 334 3790
e 335 1708
e 335 2016
e 335 2919
e 336 338
e 336 830
e 336 2451
e 336 4870
e 337 743
e 337 2168
e 337 3364
e 338 629
e 338 4835
e 339 402
e 339 2450
e 339 4978
e 340 686
e 340 1354
e 340 4046
e 341 1760
e 341 2180
e 341 3692
e 342 1962
e 342 2436
e 342 3993
e 343 1721
e 343 2830
e 344 608
e 344 1165
e 344 4214
e 345 1365
e 345 2326
e 345 3507
e 346 1693
e 346 2132
e 346 2267
e 347 1145
e 347 4566
e 347 4674
e 348 1022
e 348 1767
e 348 3644
e 349 2858
e 349 3012
e 349 3204
e 350 2355
e 350 3770
e 351 1237
e 351 4864
e 351 4913
e 352 490
e 352 904
e 352 3247
e 353 616
e 353 3287
e 353 4336
e 354 2182
e 354 2693
e 354 2922
e 355 2017
e 355 2499
e 355 2540
e 356 1769
e 356 2519
e 356 3361
e 357 1111
e 357 1916
e 358 2290
e 358 3299
e 358 4817
e 359 2772
e 359 2978
e 359 4019
e 360 1424
e 360 1748
e 360 2950
e 361 3583
e 361 3865
e 362 542
e 362 2627
e 362 2784
e 363 1305
e 363 2126
e 364 877
e 364 2254
e 364 4847
e 365 2223
e 365 2857
e 365 3836
e 366 440
e 366 825
e 366 2538
e 367 969
e 367 2090
e 367 4549
e 368 1900
e 368 3391
e 368 4804
e 369 2048
e 369 2292
e 369 2426
e 370 445
e 370 1751
e 370 3260
e 371 811
e 371 2303
e 371 2385
e 372 695
e 372 1884
e 372 2274
e 373 2966
e 373 3206
e 373 4349
e 374 1823
e 374 1849
e 374 2098
e 375 578
e 375 985
e 375 2181
e 376 1577
e 376 3437
e 376 4516
e 377 3756
e 377 4754
e 378 2107
e 378 2376
e 378 4643
e 379 2070
e 379 3370
e 379 4376
e 380 591
e 380 3523
e 380 4684
e 381 560
e 381 661
e 381 1211
e 382 2190
e 382 3086
e 382 3250
e 383 679
e 383 797
e 383 1930
e 384 1328
e 384 2128
e 384 3098
e 385 863
e 385 3154
e 385 3431
e 385 4979
e 386 1975
e 386 2281
e 386 3301
e 387 450
e 387 924
e 387 1821
e 388 453
e 388 943
e 388 1505
e 389 1099
e 389 1132
e 389 2502
e 390 674
e 390 1559
e 390 4618
e 391 403
e 391 1065
e 391 3159
e 392 1579
e 392 4325
e 393 1554
e 393 2814
e 393 3169
e 394 649
e 394 651
e 394 4169
e 395 823
e 395 992
e 395 2209
e 396 795
e 396 2713
e 396 3968
e 397 415
e 397 2958
e 397 4696
e 398 1933
e 398 1965
e 398 3176
e 399 778
e 399 780
e 399 4481
e 400 660
e 400 2120
e 400 3658
e 401 4341
e 401 4917
e 401 4922
e 402 2839
e 402 3595
e 403 1992
e 403 2142
e 403 2660
e 404 597
e 404 3757
e 404 4824
e 405 834
e 405 1189
e 405 1470
e 405 1901
e 406 1050
e 406 2466
e 406 4372
e 407 2153
e 407 2232
e 407 2972
e 408 1893
e 408 2189
e 409 557
e 409 2402
e 409 2791
e 409 2901
e 410 517
e 410 814
e 410 1967
e 410 2174
e 411 2710
e 411 3344
e 411 4477
e 412 421
e 412 1466
e 412 2822
e 413 1225
e 413 2301
e 413 3963
e 414 2671
e 414 3091
e 414 3830
e 415 2122
e 415 2921
e 415 4640
e 416 2229
e 416 2583
e 416 3603
e 417 2295
e 417 2723
e 417 3053
e 418 593
e 418 1421
e 418 2653
e 418 4577
e 419 2384
e 419 3534
e 419 4670
e 420 988
e 420 2199
e 420 2261
e 420 3966
e 421 457
e 421 2657
e 421 4142
e 422 585
e 422 2505
e 422 4527
e 422 4617
e 423 596
e 423 806
e 423 1468
e 423 4681
e 424 1027
e 424 1396
e 424 2159
e 424 3771
e 425 464
e 425 2591
e 425 4063
e 426 772
e 426 3403
e 426 4478
e 427 1033
e 427 2268
e 427 2594
e 427 4460
e 428 1356
e 428 2239
e 428 2259
e 429 558
e 429 1175
e 429 2544
e 429 4246
e 430 1590
e 430 2818
e 430 3306
e 431 2362
e 431 3748
e 431 3924
e 432 2028
e 432 3552
e 432 4250
e 433 1311
e 433 2550
e 433 3875
e 434 2201
e 434 2555
e 434 3285
e 435 641
e 435 1361
e 435 4531
e 435 4534
e 436 1571
e 436 2539
e 436 3718
e 437 2600
e 437 4333
e 437 4883
e 438 2266
e 438 2323
e 438 3101
e 439 2546
e 439 2909
e 439 3145
e 440 2400
e 440 2905
e 440 3899
e 441 1063
e 441 2380
e 441 2813
e 441 3498
e 442 2167
e 442 2476
e 442 3384
e 443 3645
e 443 3927
e 443 4843
e 444 1391
e 444 4428
e 444 4908
e 445 3409
e 445 4244
e 445 4445
e 446 1497
e 446 2342
e 446 2547
e 447 685
e 447 2504
e 447 4487
e 448 702
e 448 3152
e 448 3726
e 449 4146
e 449 4276
e 449 4928
e 450 1281
e 450 2417
e 450 4129
e 451 2566
e 451 4255
e 451 4351
e 452 589
e 452 1349
e 452 2719
e 452 3772
e 453 3414
e 453 3957
e 453 4807
e 454 1144
e 454 1187
e 454 2641
e 454 4964
e 455 1048
e 455 3548
e 455 4465
e 455 4581
e 456 3218
e 456 3976
e 456 4026
e 457 1185
e 457 1280
e 457 2941
e 458 2549
e 458 2576
e 458 4691
e 459 655
e 459 2297
e 459 3705
e 459 4920
e 460 984
e 460 2423
e 460 2668
e 461 1130
e 461 3500
e 461 4022
e 461 4986
e 462 627
e 462 1303
e 462 1555
e 462 2792
e 463 782
e 463 3042
e 463 3635
e 464 3606
e 464 3955
e 464 4937
e 465 668
e 465 2912
e 465 2988
e 465 4963
e 466 810
e 466 4277
e 466 4771
e 467 1535
e 467 3155
e 467 4109
e 468 731
e 468 4320
e 468 4375
e 469 3119
e 469 4334
e 470 2554
e 470 3474
e 470 3780
e 471 800
e 471 1319
e 471 3815
e 472 3398
e 472 3554
e 472 4480
e 473 543
e 473 2877
e 473 3424
e 473 4326
e 474 565
e 474 1274
e 474 3432
e 474 3446
e 475 1278
e 475 2532
e 475 3379
e 476 2575
e 476 3499
e 476 4287
e 477 537
e 477 2621
e 477 4338
e 477 4493
e 478 2630
e 478 3363
e 478 4661
e 479 1124
e 479 2616
e 479 3222
e 479 4309
e 480 1036
e 480 1492
e 480 2690
e 480 4387
e 481 3228
e 481 3270
e 481 3962
e 482 3762
e 482 3898
e 482 4967
e 483 1346
e 483 2971
e 483 3947
e 484 1349
e 484 1385
e 484 3360
e 484 3842
e 485 3799
e 485 3819
e 485 4948
e 486 2976
e 486 4018
e 486 4672
e 487 3103
e 487 3576
e 487 4532
e 488 1539
e 488 3783
e 488 4101
e 489 1068
e 489 1426
e 489 1480
e 489 3202
e 490 3495
e 490 3787
e 490 4133
e 491 4636
e 491 4770
e 491 4868
e 492 1616
e 492 4285
e 493 1028
e 493 1724
e 494 1293
e 494 4862
e 495 2231
e 495 2392
e 496 1300
e 497 2873
e 497 3317
e 498 2951
e 498 4181
e 499 738
e 499 1275
e 500 1634
e 500 2530
e 501 3072
e 502 1333
e 502 2033
e 503 683
e 503 4398
e 504 1012
e 504 4745
e 505 621
e 505 1972
e 506 528
e 506 899
e 507 517
e 507 1773
e 508 3211
e 508 3540
e 509 1557
e 509 3134
e 510 1628
e 510 4533
e 511 2523
e 511 2821
e 512 580
e 513 4024
e 513 4560
e 514 4029
e 514 4240
e 515 2112
e 515 2397
e 516 2060
e 516 4141
e 517 1565
e 518 844
e 518 906
e 518 1258
e 519 988
e 519 4852
e 520 2238
e 520 2647
e 521 1029
e 521 2776
e 522 1944
e 522 4616
e 523 1673
e 524 1657
e 524 4423
e 525 2796
e 525 3890
e 526 2760
e 527 568
e 528 3203
e 529 2271
e 529 2904
e 530 1234
e 530 2604
e 531 3316
e 531 3419
e 532 2457
e 532 4924
e 533 534
e 533 4078
e 534 1709
e 534 3117
e 535 4433
e 535 4751
e 536 887
e 536 1994
e 537 2910
e 538 1533
e 538 4974
e 539 2407
e 539 3199
e 540 2316
e 540 3768
e 541 2066
e 541 2088
e 542 1750
e 542 4904
e 543 3555
e 544 3058
e 544 3706
e 545 2240
e 545 3428
e 546 2119
e 546 2573
e 547 1540
e 547 4366
e 548 665
e 548 1097
e 549 1777
e 549 1979
e 550 1511
e 550 4563
e 551 713
e 551 4654
e 552 602
e 552 2026
e 553 1072
e 553 3896
e 554 1245
e 554 3168
e 555 562
e 555 3749
e 556 1891
e 556 3592
e 557 846
e 557 3822
e 558 4374
e 559 630
e 559 1139
e 560 3750
e 560 3893
e 561 1377
e 561 2650
e 562 1414
e 562 2521
e 563 2022
e 563 2206
e 564 2842
e 564 3884
e 565 3855
e 566 1439
e 566 2506
e 567 991
e 567 2553
e 568 1288
e 568 2154
e 569 1809
e 569 3494
e 570 1040
e 570 4795
e 571 1857
e 571 3226
e 572 1087
e 572 2299
e 573 4226
e 573 4550
e 574 760
e 574 2372
e 575 916
e 575 4785
e 576 895
e 576 1344
e 576 1985
e 577 1286
e 577 4099
e 578 609
e 579 3632
e 579 4813
e 580 2395
e 580 4615
e 581 1935
e 581 2057
e 582 1830
e 582 3909
e 583 644
e 583 3282
e 584 1840
e 584 1877
e 585 2571
e 586 4292
e 587 4293
e 587 4579
e 588 2333
e 588 4704
e 589 2305
e 590 2195
e 590 3618
e 591 2893
e 591 3877
e 592 2345
e 592 3229
e 593 1123
e 594 1412
e 594 2020
e 595 1073
e 595 1546
e 596 3358
e 597 1368
e 597 2435
e 598 933
e 598 3350
e 599 1015
e 599 4750
e 600 2025
e 600 4411
e 601 603
e 601 2263
e 602 2188
e 602 3231
e 603 2494
e 603 4542
e 604 1418
e 604 1888
e 605 1102
e 605 3157
e 606 2046
e 606 4203
e 607 748
e 607 1883
e 608 2166
e 608 4746
e 609 1038
e 609 2802
e 610 1570
e 610 4554
e 611 3497
e 611 3643
e 612 1940
e 612 2151
e 613 3847
e 614 4469
e 614 4526
e 615 1197
e 615 3466
e 616 636
e 616 2896
e 617 2270
e 617 2759
e 618 3423
e 618 4583
e 619 4413
e 620 2694
e 620 3514
e 621 1946
e 621 4056
e 622 2629
e 622 3234
e 623 2324
e 623 3874
e 624 899
e 624 1058
e 624 3279
e 625 677
e 625 2116
e 626 4319
e 627 1006
e 627 4184
e 628 3118
e 628 4084
e 629 745
e 629 4074
e 630 3610
e 630 4191
e 631 905
e 631 1510
e 631 2354
e 632 2459
e 632 3089
e 633 960
e 633 2007
e 633 2015
e 634 3227
e 634 4199
e 635 866
e 635 4702
e 635 4808
e 636 1042
e 637 1137
e 637 3777
e 638 658
e 638 3010
e 639 1131
e 639 4396
e 640 1593
e 640 4390
e 641 3527
e 642 1156
e 642 4759
e 643 1465
e 643 1549
e 644 3490
e 644 3653
e 645 2742
e 645 3974
e 646 3304
e 646 4890
e 647 2211
e 647 2939
e 648 3037
e 648 4697
e 649 2528
e 649 3156
e 650 1209
e 650 4410
e 651 1124
e 651 3766
e 652 1290
e 652 2146
e 653 3492
e 653 3952
e 654 1060
e 654 2659
e 654 3392
e 655 3640
e 656 935
e 656 3999
e 656 4456
e 657 1115
e 657 1173
e 658 684
e 658 783
e 659 2378
e 659 2963
e 660 4057
e 661 2225
e 661 2446
e 662 1448
e 662 2708
e 663 1407
e 663 1525
e 664 3014
e 664 4839
e 665 2246
e 665 4233
e 666 2819
e 666 3122
e 667 758
e 668 4311
e 669 2860
e 669 3380
e 670 3882
e 670 4085
e 671 2298
e 671 4234
e 672 2569
e 672 2764
e 673 2289
e 673 2561
e 674 2284
e 674 4023
e 675 2198
e 675 3000
e 676 897
e 676 1231
e 676 2200
e 677 3266
e 677 4667
e 678 1343
e 678 1400
e 679 2411
e 679 2878
e 680 3526
e 680 4992
e 681 3928
e 681 4529
e 682 2741
e 682 3923
e 683 1227
e 683 4155
e 684 1144
e 684 4894
e 685 2360
e 685 2515
e 686 2447
e 686 4881
e 687 768
e 687 4393
e 688 2321
e 688 3191
e 689 1136
e 689 1386
e 689 3567
e 690 2655
e 690 3051
e 691 2646
e 691 3670
e 692 2765
e 692 3368
e 693 2217
e 693 4981
e 694 3320
e 694 4611
e 695 3655
e 695 4348
e 696 1471
e 696 4303
e 697 2579
e 697 3174
e 698 3070
e 698 3462
e 699 2522
e 699 2766
e 700 1040
e 700 3382
e 700 3467
e 701 938
e 701 2967
e 701 3114
e 702 1415
e 702 2968
e 703 2608
e 703 3189
e 704 4058
e 704 4159
e 705 1381
e 705 1487
e 706 1450
e 706 3760
e 707 2935
e 707 3863
e 708 1299
e 708 4756
e 709 3774
e 709 4014
e 710 1279
e 710 4671
e 711 1160
e 711 4088
e 711 4135
e 712 3190
e 712 3608
e 713 771
e 713 1317
e 714 3011
e 714 4258
e 715 1123
e 715 2391
e 715 2510
e 716 1250
e 716 4017
e 717 1208
e 717 1295
e 718 996
e 718 3739
e 718 4869
e 719 4391
e 719 4576
e 720 3816
e 720 4016
e 721 2670
e 721 4541
e 722 3276
e 722 3883
e 723 4420
e 723 4965
e 724 1235
e 724 3359
e 725 3209
e 725 4038
e 726 1322
e 726 4528
e 727 3059
e 727 3920
e 728 2419
e 728 3687
e 729 2952
e 729 4973
e 730 2829
e 730 3349
e 731 3219
e 731 4245
e 732 3844
e 732 4588
e 733 1087
e 733 1276
e 733 3062
e 734 3385
e 734 4025
e 735 1380
e 735 4942
e 736 4280
e 736 4775
e 737 787
e 737 2998
e 738 2729
e 738 2804
e 739 3161
e 739 4049
e 740 2520
e 740 4064
e 741 4419
e 741 4740
e 742 2969
e 742 4229
e 743 2840
e 743 4693
e 744 1261
e 744 4901
e 745 2781
e 745 4882
e 746 3796
e 746 4404
e 747 1190
e 747 2861
e 747 4076
e 748 1241
e 748 3584
e 749 3221
e 749 3601
e 750 914
e 750 3888
e 750 4977
e 751 2916
e 751 2943
e 752 910
e 752 3143
e 752 3587
e 753 1491
e 753 4429
e 754 2696
e 754 4389
e 755 3023
e 755 3751
e 756 3641
e 756 4297
e 757 3164
e 757 4354
e 758 4524
e 758 4694
e 759 2833
e 759 3365
e 760 2955
e 760 3688
e 761 1572
e 761 2820
e 762 3111
e 762 4379
e 763 3018
e 763 3719
e 764 3918
e 764 4627
e 765 3378
e 765 4011
e 766 4010
e 766 4941
e 767 3326
e 767 4224
e 768 3891
e 768 4439
e 769 1112
e 769 3536
e 769 4505
e 770 1013
e 770 3615
e 770 4914
e 771 3553
e 771 4699
e 772 3915
e 772 4497
e 773 994
e 773 3512
e 773 3732
e 774 1030
e 774 3025
e 774 3258
e 775 1578
e 775 4811
e 776 829
e 776 3281
e 776 4126
e 777 1550
e 777 3302
e 778 3142
e 778 4675
e 779 1009
e 779 4620
e 779 4821
e 780 2848
e 780 2954
e 781 1067
e 781 2970
e 781 3312
e 782 1496
e 782 1553
e 783 4284
e 783 4339
e 784 3810
e 784 4055
e 785 3236
e 785 3914
e 786 3383
e 786 3481
e 787 3405
e 787 4605
e 788 792
e 788 1050
e 788 3579
e 789 1444
e 789 4124
e 790 967
e 790 4668
e 790 4758
e 791 3021
e 791 3634
e 792 3683
e 792 4071
e 793 3585
e 793 3895
e 794 890
e 794 3802
e 794 3997
e 795 3413
e 795 4657
e 796 4002
e 796 4119
e 797 3763
e 797 4597
e 798 4732
e 798 4838
e 799 1312
e 799 4062
e 799 4113
e 800 3604
e 800 3689
e 801 1347
e 801 3293
e 801 4515
e 802 3220
e 802 3541
e 803 4197
e 803 4562
e 804 1380
e 804 3452
e 804 4718
e 805 3430
e 805 4327
e 806 3986
e 806 4934
e 807 3690
e 807 3797
e 808 3674
e 808 4947
e 809 1360
e 809 3737
e 809 3906
e 810 4089
e 810 4474
e 811 4639
e 811 4738
e 812 1343
e 812 3491
e 812 4957
e 813 4307
e 813 4509
e 814 4324
e 814 4781
e 815 1513
e 815 4144
e 816 1249
e 816 1476
e 816 3550
e 817 1152
e 817 3961
e 817 4032
e 818 3642
e 818 4655
e 819 4462
e 819 5000
e 820 1478
e 820 4744
e 820 4936
e 821 3781
e 821 4585
e 822 4132
e 822 4789
e 823 4086
e 823 4475
e 824 4377
e 824 4513
e 825 4407
e 825 4724
e 826 4205
e 826 4347
e 827 4607
e 827 4907
e 828 4489
e 828 4959
e 832 1436
e 833 3710
e 835 3930
e 836 1622
e 837 4772
e 840 3433
e 841 2248
e 842 3163
e 843 907
e 848 2913
e 849 4748
e 850 1733
e 851 1827
e 852 1710
e 853 4810
e 854 1080
e 855 4859
e 856 4822
e 857 874
e 858 2618
e 859 1752
e 860 861
e 861 4405
e 862 1700
e 864 1581
e 865 4225
e 867 2433
e 868 2714
e 869 955
e 870 4329
e 871 1221
e 872 1502
e 873 2004
e 874 2300
e 875 2019
e 876 1512
e 877 1437
e 878 2961
e 879 2915
e 880 2686
e 881 3650
e 882 4799
e 883 2024
e 884 4241
e 885 2928
e 886 888
e 887 1728
e 888 2709
e 889 3517
e 891 1036
e 892 1943
e 893 2684
e 894 4167
e 896 4731
e 898 1055
e 900 3194
e 901 4742
e 902 4708
e 903 3173
e 904 996
e 906 958
e 907 2005
e 908 1896
e 909 1406
e 911 4097
e 912 2763
e 913 4151
e 915 3623
e 916 2275
e 917 1836
e 918 2244
e 919 2736
e 920 1456
e 921 1862
e 922 925
e 923 3244
e 924 3453
e 925 2526
e 926 3808
e 927 1122
e 928 3713
e 929 3395
e 930 2890
e 931 1159
e 932 2053
e 934 3746
e 936 3598
e 937 3054
e 939 4446
e 940 4537
e 941 4768
e 942 2347
e 943 1357
e 944 1240
e 945 1363
e 946 2216
e 947 3734
e 948 2543
e 949 2737
e 950 3425
e 951 2344
e 952 978
e 953 3283
e 954 2044
e 955 4635
e 956 1163
e 957 3280
e 958 1202
e 959 990
e 961 2597
e 962 3475
e 963 3171
e 964 4300
e 965 2511
e 966 3289
e 968 2367
e 969 993
e 970 1462
e 971 3735
e 972 4727
e 973 3704
e 974 3944
e 975 1342
e 976 4546
e 977 3558
e 978 2746
e 979 2945
e 980 3093
e 981 3755
e 982 2470
e 983 2308
e 985 3551
e 986 3703
e 987 2805
e 989 4689
e 990 2564
e 991 4553
e 992 2728
e 993 2883
e 995 4659
e 997 1389
e 998 3417
e 999 3337
e 1000 3878
e 1001 1485
e 1002 1997
e 1003 1117
e 1004 4621
e 1005 2224
e 1007 1548
e 1008 4075
e 1010 2628
e 1011 3804
e 1012 3850
e 1014 1113
e 1015 1949
e 1016 1044
e 1017 2975
e 1018 2264
e 1019 3333
e 1020 4044
e 1021 3596
e 1022 1429
e 1023 4479
e 1024 4152
e 1025 4216
e 1026 3081
e 1029 3545
e 1031 4651
e 1032 4855
e 1034 2542
e 1035 2498
e 1037 1427
e 1038 3457
e 1039 1121
e 1041 4373
e 1042 1321
e 1043 3105
e 1044 2853
e 1045 3673
e 1046 4836
e 1047 2508
e 1049 2412
e 1051 3488
e 1052 2871
e 1053 4345
e 1054 3953
e 1055 2475
e 1056 2473
e 1057 2899
e 1058 4412
e 1059 2705
e 1061 3829
e 1062 2212
e 1064 2183
e 1065 3591
e 1066 2062
e 1069 2449
e 1070 4289
e 1071 1458
e 1072 4447
e 1073 3121
e 1074 3271
e 1075 2114
e 1076 4778
e 1077 2534
e 1078 4397
e 1079 4437
e 1080 3533
e 1081 1198
e 1082 2173
e 1083 4440
e 1084 4502
e 1085 3277
e 1086 2157
e 1088 3264
e 1089 1196
e 1090 2725
e 1091 3773
e 1092 2185
e 1093 4266
e 1094 2619
e 1095 2531
e 1096 4828
e 1097 4427
e 1098 4519
e 1099 2288
e 1100 2706
e 1101 2837
e 1102 2874
e 1103 1481
e 1104 3458
e 1105 3242
e 1106 3345
e 1107 1477
e 1108 2226
e 1109 2399
e 1110 2343
e 1111 4253
e 1113 3077
e 1114 1271
e 1115 4156
e 1116 3125
e 1117 3605
e 1118 2552
e 1119 2661
e 1120 2363
e 1121 3080
e 1122 4486
e 1125 2222
e 1126 2202
e 1127 3187
e 1128 3294
e 1129 2296
e 1131 2422
e 1132 2245
e 1133 1308
e 1134 2516
e 1135 2585
e 1137 1171
e 1138 1454
e 1139 2282
e 1140 1205
e 1141 2868
e 1142 3487
e 1143 4613
e 1145 4305
e 1146 1154
e 1147 2414
e 1148 3741
e 1149 2382
e 1150 3238
e 1151 1230
e 1153 4790
e 1154 3778
e 1155 4202
e 1156 3752
e 1157 1483
e 1158 4381
e 1159 3975
e 1161 1515
e 1162 2424
e 1164 3188
e 1165 1228
e 1166 1181
e 1167 3659
e 1168 2334
e 1169 3165
e 1170 3798
e 1171 2894
e 1172 3697
e 1173 1316
e 1174 1359
e 1175 4401
e 1176 2667
e 1177 1239
e 1178 2898
e 1179 1212
e 1180 1353
e 1181 4508
e 1182 3593
e 1183 4271
e 1184 2467
e 1186 4154
e 1187 1459
e 1188 4483
e 1189 3733
e 1191 3940
e 1192 3960
e 1193 3843
e 1194 4222
e 1195 2624
e 1196 4539
e 1197 2918
e 1198 1332
e 1199 2712
e 1200 2930
e 1201 3192
e 1202 3922
e 1203 1583
e 1204 3950
e 1205 1373
e 1206 1233
e 1207 1216
e 1208 1315
e 1209 2782
e 1210 4422
e 1211 1425
e 1212 4763
e 1213 2720
e 1214 1229
e 1215 2474
e 1216 1545
e 1217 4283
e 1218 3039
e 1219 2463
e 1220 4095
e 1221 3824
e 1222 4125
e 1223 2485
e 1224 4399
e 1225 3995
e 1226 4574
e 1227 3769
e 1228 1238
e 1229 3396
e 1230 4272
e 1231 3871
e 1232 2780
e 1233 1541
e 1234 4721
e 1235 1247
e 1236 3912
e 1237 4030
e 1238 3026
e 1239 4600
e 1240 4382
e 1241 3813
e 1242 1430
e 1243 3400
e 1244 2879
e 1245 4134
e 1246 3406
e 1247 3665
e 1248 4506
e 1250 3990
e 1251 3978
e 1252 4443
e 1253 3483
e 1254 2738
e 1255 3625
e 1256 3564
e 1257 4863
e 1258 2897
e 1259 4033
e 1260 4797
e 1261 4918
e 1262 4590
e 1263 4435
e 1264 3637
e 1265 4138
e 1266 2680
e 1267 3160
e 1268 4355
e 1269 3311
e 1270 4034
e 1271 4108
e 1272 4888
e 1273 4946
e 1274 2744
e 1275 3520
e 1276 3075
e 1277 2854
e 1278 3546
e 1279 3820
e 1280 3319
e 1281 3664
e 1282 2812
e 1283 3351
e 1284 1457
e 1285 3027
e 1286 4496
e 1287 4077
e 1288 3459
e 1289 4450
e 1290 2856
e 1291 4760
e 1292 3860
e 1293 4624
e 1294 3833
e 1295 4013
e 1296 1464
e 1297 4757
e 1298 4043
e 1299 4685
e 1300 1404
e 1301 3657
e 1302 3064
e 1303 3825
e 1304 1435
e 1305 3744
e 1306 3069
e 1307 4971
e 1308 2841
e 1309 4764
e 1310 2745
e 1311 1419
e 1313 3513
e 1314 3284
e 1315 4500
e 1316 1409
e 1317 1442
e 1318 1498
e 1319 4565
e 1320 3087
e 1321 3126
e 1322 3537
e 1323 4570
e 1324 2926
e 1325 4394
e 1326 3904
e 1327 3463
e 1328 4982
e 1329 2801
e 1330 4448
e 1331 3934
e 1332 4833
e 1333 2933
e 1334 2855
e 1335 4112
e 1336 4793
e 1337 1372
e 1338 4692
e 1339 1369
e 1340 3693
e 1341 3286
e 1342 4819
e 1344 4237
e 1345 3124
e 1346 3208
e 1348 3448
e 1350 4473
e 1351 3144
e 1352 4052
e 1353 3633
e 1354 3175
e 1355 1527
e 1356 4252
e 1357 4312
e 1358 2888
e 1359 3784
e 1361 4953
e 1362 1375
e 1363 3477
e 1364 4328
e 1365 3667
e 1366 3708
e 1367 3701
e 1368 4073
e 1369 4206
e 1370 4385
e 1371 4105
e 1372 4939
e 1373 3469
e 1374 3043
e 1375 4290
e 1376 4739
e 1377 3008
e 1378 4265
e 1379 4031
e 1381 3549
e 1382 4230
e 1383 4856
e 1384 3139
e 1385 1438
e 1386 3340
e 1387 4106
e 1388 3128
e 1389 3621
e 1390 3044
e 1391 3954
e 1392 4911
e 1393 3104
e 1394 3568
e 1395 4792
e 1396 1558
e 1397 3967
e 1398 3339
e 1399 4728
e 1400 3471
e 1401 1405
e 1402 3127
e 1403 4802
e 1404 4153
e 1405 3864
e 1406 4438
e 1407 4098
e 1408 4087
e 1409 1589
e 1410 3295
e 1411 4997
e 1412 4591
e 1413 3862
e 1414 4175
e 1415 3580
e 1416 3743
e 1417 1594
e 1418 3776
e 1419 3352
e 1420 3288
e 1421 1474
e 1422 3852
e 1423 3408
e 1424 3680
e 1425 3524
e 1426 3535
e 1427 3629
e 1428 3589
e 1429 4302
e 1430 3775
e 1431 4208
e 1432 3367
e 1433 3581
e 1434 3582
e 1435 4337
e 1436 4127
e 1437 4081
e 1438 3885
e 1439 4195
e 1440 4182
e 1441 4100
e 1442 3907
e 1443 3335
e 1444 4051
e 1445 3511
e 1446 4414
e 1447 4930
e 1448 3764
e 1449 4402
e 1450 1493
e 1451 4711
e 1452 4418
e 1453 4213
e 1454 4251
e 1455 4273
e 1456 3455
e 1457 4452
e 1458 4161
e 1459 3814
e 1460 3839
e 1461 3753
e 1462 4301
e 1463 4900
e 1464 3867
e 1465 3696
e 1466 3823
e 1467 3831
e 1468 4653
e 1469 3668
e 1470 3981
e 1471 4491
e 1472 4275
e 1473 4820
e 1474 4444
e 1475 3609
e 1476 4147
e 1477 4313
e 1479 3602
e 1480 3661
e 1481 4848
e 1482 3926
e 1483 4464
e 1484 4162
e 1485 4842
e 1486 3803
e 1487 4831
e 1488 4557
e 1489 4386
e 1490 1547
e 1491 4171
e 1492 4985
e 1493 4926
e 1494 4722
e 1495 1532
e 1496 4178
e 1497 4972
e 1498 4121
e 1499 4786
e 1500 4211
e 1501 4426
e 1502 3980
e 1503 4492
e 1504 4118
e 1505 4395
e 1506 4638
e 1507 3921
e 1508 4262
e 1509 4571
e 1510 4682
e 1511 4117
e 1512 4779
e 1513 1542
e 1514 3937
e 1515 4525
e 1516 4512
e 1517 4007
e 1518 4933
e 1519 4970
e 1520 4766
e 1521 1591
e 1522 4210
e 1523 3846
e 1524 4752
e 1525 3861
e 1526 4966
e 1527 4069
e 1528 4567
e 1529 4773
e 1530 3987
e 1531 4940
e 1532 4857
e 1533 1538
e 1534 1588
e 1535 4094
e 1536 4458
e 1537 4006
e 1538 4236
e 1539 4004
e 1540 4421
e 1541 4490
e 1542 4166
e 1543 4749
e 1544 4556
e 1545 4139
e 1546 4903
e 1547 4543
e 1548 1576
e 1549 4575
e 1550 4223
e 1551 4499
e 1552 4027
e 1553 4449
e 1554 4111
e 1555 4608
e 1556 4714
e 1557 4254
e 1558 4239
e 1559 4430
e 1560 4380
e 1561 4192
e 1562 4988
e 1563 4677
e 1564 4359
e 1565 4296
e 1566 4951
e 1567 4270
e 1568 4584
e 1569 4453
e 1570 4523
e 1571 4730
e 1572 4753
e 1573 4455
e 1574 4587
e 1575 4876
e 1576 4342
e 1577 4723
e 1578 4975
e 1579 4707
e 1580 4919
e 1581 4895
e 1582 4676
e 1583 4660
e 1584 4990
e 1585 4371
e 1586 4798
e 1587 4991
e 1588 4642
e 1589 4631
e 1590 4602
e 1591 4875
e 1592 4884
e 1593 4983
e 1594 4850
e 1595 4851
e 1596 4987
e 1597 4837
n 5 9
n 22 6
n 27 5
n 29 7
n 32 9
n 34 8
n 39 6
n 40 4
n 43 6
n 47 10
n 48 2
n 50 1
n 59 7
n 61 1
n 62 9
n 67 3
n 83 6
n 93 9
n 97 2
n 99 5
n 103 1
n 104 5
n 114 4
n 117 1
n 119 6
n 131 2
n 136 7
n 138 4
n 145 10
n 147 5
n 150 8
n 156 6
n 172 10
n 174 4
n 178 1
n 191 10
n 198 10
n 200 10
n 201 2
n 205 3
n 208 9
n 213 5
n 216 1
n 219 6
n 224 10
n 228 5
n 232 10
n 233 2
n 234 4
n 235 1
n 242 1
n 250 5
n 256 9
n 262 8
n 263 5
n 267 6
n 273 8
n 281 3
n 282 9
n 288 10
n 292 8
n 302 9
n 310 3
n 317 5
n 324 4
n 325 10
n 328 9
n 333 5
n 335 6
n 337 10
n 345 4
n 348 3
n 362 8
n 369 10
n 373 7
n 375 4
n 376 1
n 378 5
n 380 8
n 384 6
n 389 1
n 390 10
n 396 3
n 398 1
n 401 2
n 404 8
n 407 1
n 412 7
n 421 6
n 430 2
n 433 1
n 434 2
n 437 9
n 440 7
n 441 4
n 442 4
n 445 8
n 446 6
n 448 2
n 450 1
n 453 10
n 456 5
n 465 9
n 466 1
n 468 1
n 469 4
n 471 9
n 474 4
n 477 7
n 478 9
n 480 2
n 483 9
n 484 5
n 485 9
n 492 4
n 497 9
n 498 2
n 500 9
n 501 3
n 502 3
n 508 4
n 511 10
n 514 9
n 521 5
n 526 9
n 527 5
n 529 7
n 533 10
n 539 7
n 554 7
n 559 10
n 561 5
n 569 7
n 579 4
n 583 3
n 584 6
n 585 9
n 586 4
n 589 4
n 590 8
n 598 9
n 606 2
n 613 7
n 617 3
n 618 5
n 621 1
n 622 3
n 623 6
n 624 2
n 625 3
n 627 8
n 630 10
n 635 5
n 640 10
n 643 1
n 647 8
n 651 1
n 655 10
n 657 9
n 660 7
n 662 10
n 666 8
n 667 4
n 671 9
n 674 5
n 676 10
n 680 5
n 682 9
n 688 9
n 690 8
n 699 7
n 706 10
n 708 7
n 714 1
n 717 6
n 724 10
n 725 1
n 727 3
n 728 10
n 736 5
n 737 9
n 741 3
n 744 8
n 752 3
n 753 1
n 754 7
n 756 9
n 758 3
n 765 4
n 774 7
n 782 9
n 787 7
n 798 10
n 799 9
n 800 6
n 802 9
n 803 2
n 804 1
n 805 5
n 809 7
n 811 4
n 812 4
n 819 3
n 820 10
n 822 3
n 823 6
n 829 6
n 833 6
n 835 4
n 839 9
n 845 6
n 848 2
n 850 1
n 860 8
n 867 5
n 869 7
n 881 4
n 884 7
n 890 5
n 899 7
n 903 5
n 907 1
n 909 5
n 913 2
n 923 10
n 924 4
n 931 7
n 933 2
n 936 7
n 940 6
n 943 1
n 946 2
n 948 6
n 968 10
n 978 2
n 979 10
n 980 6
n 983 1
n 997 2
n 1003 10
n 1004 7
n 1007 10
n 1013 3
n 1016 9
n 1019 5
n 1023 7
n 1026 9
n 1028 1
n 1029 4
n 1033 5
n 1037 9
n 1039 3
n 1040 4
n 1041 9
n 1045 4
n 1046 1
n 1050 4
n 1057 1
n 1061 6
n 1065 8
n 1067 4
n 1071 7
n 1072 1
n 1079 7
n 1098 2
n 1103 5
n 1111 5
n 1112 4
n 1120 5
n 1125 8
n 1127 5
n 1133 7
n 1134 6
n 1139 1
n 1141 8
n 1144 1
n 1149 5
n 1151 8
n 1161 3
n 1164 7
n 1169 8
n 1172 3
n 1180 3
n 1181 3
n 1183 2
n 1192 10
n 1195 1
n 1198 5
n 1203 6
n 1209 2
n 1210 2
n 1224 9
n 1225 7
n 1232 3
n 1233 6
n 1245 2
n 1248 1
n 1252 4
n 1258 8
n 1260 8
n 1265 7
n 1266 2
n 1268 6
n 1276 1
n 1280 4
n 1281 1
n 1282 4
n 1285 7
n 1290 8
n 1306 8
n 1310 4
n 1314 5
n 1319 2
n 1323 9
n 1330 10
n 1331 4
n 1333 5
n 1338 9
n 1339 3
n 1340 8
n 1343 10
n 1346 4
n 1348 7
n 1356 2
n 1361 1
n 1362 4
n 1367 4
n 1370 6
n 1372 1
n 1373 7
n 1382 6
n 1385 5
n 1387 7
n 1390 8
n 1391 6
n 1393 3
n 1398 7
n 1401 9
n 1403 1
n 1408 5
n 1410 8
n 1411 5
n 1412 6
n 1414 7
n 1416 3
n 1419 5
n 1420 9
n 1421 5
n 1422 10
n 1423 5
n 1427 2
n 1441 1
n 1442 3
n 1444 8
n 1454 10
n 1457 7
n 1461 4
n 1463 5
n 1468 2
n 1479 9
n 1482 2
n 1490 8
n 1492 9
n 1494 2
n 1501 5
n 1505 4
n 1507 6
n 1512 9
n 1514 2
n 1518 9
n 1525 8
n 1532 4
n 1533 2
n 1535 2
n 1539 2
n 1552 6
n 1558 10
n 1563 10
n 1564 4
n 1567 5
n 1577 1
n 1579 3
n 1586 3
n 1587 7
n 1590 1
n 1593 6
n 1595 2
n 1598 1
n 1599 10
n 1601 8
n 1606 7
n 1607 10
n 1610 9
n 1611 9
n 1614 6
n 1615 4
n 1618 10
n 1626 2
n 1630 10
n 1632 10
n 1636 2
n 1637 7
n 1642 6
n 1644 7
n 1645 4
n 1661 5
n 1667 1
n 1669 7
n 1672 10
n 1675 2
n 1682 8
n 1687 1
n 1691 6
n 1694 5
n 1695 10
n 1701 6
n 1702 10
n 1703 10
n 1707 4
n 1714 4
n 1718 10
n 1727 9
n 1729 5
n 1735 10
n 1739 10
n 1743 8
n 1747 9
n 1748 8
n 1750 6
n 1761 7
n 1762 9
n 1766 2
n 1767 2
n 1774 7
n 1784 3
n 1785 6
n 1787 10
n 1788 1
n 1799 2
n 1800 4
n 1801 6
n 1810 2
n 1814 4
n 1815 6
n 1816 1
n 1818 1
n 1824 3
n 1825 5
n 1826 3
n 1829 6
n 1830 10
n 1838 6
n 1839 6
n 1840 10
n 1841 5
n 1845 5
n 1849 5
n 1852 8
n 1853 4
n 1860 3
n 1861 7
n 1862 7
n 1863 10
n 1864 2
n 1865 10
n 1869 1
n 1873 9
n 1874 9
n 1876 8
n 1882 3
n 1883 5
n 1884 5
n 1885 8
n 1887 3
n 1893 5
n 1896 2
n 1897 3
n 1898 9
n 1901 1
n 1906 4
n 1913 10
n 1918 8
n 1922 1
n 1926 8
n 1932 6
n 1935 2
n 1944 2
n 1946 9
n 1960 10
n 1961 9
n 1964 2
n 1971 7
n 1981 3
n 1985 6
n 1987 10
n 1989 6
n 1997 3
n 1998 10
n 2002 1
n 2003 4
n 2006 6
n 2010 3
n 2014 7
n 2015 10
n 2017 2
n 2022 2
n 2028 8
n 2031 4
n 2036 10
n 2038 8
n 2041 5
n 2043 3
n 2048 5
n 2051 4
n 2054 1
n 2071 10
n 2077 4
n 2078 9
n 2081 7
n 2082 10
n 2090 3
n 2103 5
n 2108 10
n 2110 2
n 2116 2
n 2124 7
n 2130 8
n 2133 2
n 2136 4
n 2138 2
n 2139 3
n 2141 7
n 2144 3
n 2145 2
n 2147 9
n 2150 3
n 2155 3
n 2157 7
n 2158 9
n 2164 10
n 2165 6
n 2166 3
n 2170 4
n 2171 9
n 2176 3
n 2180 2
n 2184 8
n 2190 1
n 2191 5
n 2203 9
n 2205 8
n 2214 1
n 2216 6
n 2229 6
n 2232 4
n 2237 10
n 2239 10
n 2246 2
n 2250 4
n 2254 7
n 2257 2
n 2258 3
n 2259 4
n 2261 8
n 2265 4
n 2275 3
n 2288 4
n 2289 7
n 2292 2
n 2293 10
n 2297 10
n 2305 9
n 2307 4
n 2312 10
n 2315 9
n 2317 5
n 2325 2
n 2327 3
n 2334 4
n 2338 2
n 2344 1
n 2345 8
n 2348 1
n 2349 10
n 2350 1
n 2352 10
n 2353 10
n 2355 10
n 2357 1
n 2358 9
n 2359 2
n 2365 1
n 2375 8
n 2377 5
n 2383 5
n 2387 5
n 2398 5
n 2401 3
n 2404 8
n 2407 8
n 2414 1
n 2415 5
n 2416 9
n 2419 6
n 2421 8
n 2441 10
n 2446 1
n 2448 4
n 2452 1
n 2455 5
n 2457 4
n 2463 7
n 2470 9
n 2474 6
n 2479 6
n 2481 7
n 2485 1
n 2489 4
n 2490 3
n 2491 8
n 2495 6
n 2497 1
n 2499 8
n 2505 4
n 2515 9
n 2518 3
n 2522 3
n 2525 2
n 2527 3
n 2529 2
n 2531 4
n 2532 3
n 2533 2
n 2535 9
n 2545 9
n 2549 9
n 2557 2
n 2561 8
n 2562 8
n 2567 6
n 2573 2
n 2574 4
n 2584 7
n 2586 4
n 2595 1
n 2602 2
n 2615 4
n 2623 5
n 2624 9
n 2630 8
n 2636 7
n 2647 3
n 2648 6
n 2659 9
n 2660 7
n 2661 4
n 2668 5
n 2673 4
n 2674 5
n 2682 9
n 2683 10
n 2694 9
n 2695 6
n 2696 5
n 2698 1
n 2700 1
n 2709 9
n 2718 7
n 2721 8
n 2730 3
n 2732 6
n 2741 5
n 2745 5
n 2748 1
n 2751 10
n 2752 2
n 2757 3
n 2760 7
n 2771 9
n 2773 5
n 2776 8
n 2778 7
n 2782 1
n 2788 6
n 2789 4
n 2794 10
n 2797 1
n 2800 5
n 2801 9
n 2804 5
n 2808 5
n 2821 6
n 2830 3
n 2833 10
n 2840 3
n 2841 7
n 2842 10
n 2849 3
n 2854 8
n 2855 4
n 2856 7
n 2857 4
n 2861 6
n 2871 4
n 2872 3
n 2875 2
n 2880 7
n 2883 8
n 2884 10
n 2890 8
n 2896 10
n 2900 7
n 2902 6
n 2904 6
n 2910 9
n 2922 2
n 2927 1
n 2940 4
n 2941 6
n 2954 6
n 2963 5
n 2965 5
n 2966 6
n 2968 10
n 2974 3
n 2980 8
n 2983 6
n 2985 9
n 2987 1
n 2989 8
n 2994 9
n 2996 2
n 2999 9
n 3003 1
n 3004 7
n 3005 10
n 3012 1
n 3016 10
n 3019 6
n 3021 7
n 3024 10
n 3028 9
n 3035 2
n 3042 3
n 3046 2
n 3047 2
n 3050 10
n 3051 6
n 3052 7
n 3054 4
n 3055 4
n 3061 6
n 3064 5
n 3073 8
n 3078 1
n 3091 3
n 3095 10
n 3099 5
n 3105 2
n 3107 6
n 3112 1
n 3116 10
n 3122 2
n 3125 2
n 3129 6
n 3132 9
n 3140 6
n 3145 6
n 3147 2
n 3154 1
n 3155 1
n 3156 8
n 3162 2
n 3166 7
n 3170 5
n 3178 9
n 3179 8
n 3181 4
n 3182 4
n 3185 1
n 3196 4
n 3202 9
n 3209 4
n 3211 2
n 3219 5
n 3221 8
n 3226 2
n 3227 5
n 3229 7
n 3232 3
n 3234 3
n 3248 5
n 3252 7
n 3256 1
n 3257 5
n 3268 8
n 3274 7
n 3275 3
n 3279 3
n 3281 8
n 3282 10
n 3283 3
n 3284 6
n 3288 7
n 3289 6
n 3290 7
n 3293 1
n 3295 8
n 3297 10
n 3303 2
n 3307 2
n 3313 4
n 3316 4
n 3317 9
n 3319 4
n 3321 10
n 3324 6
n 3329 6
n 3330 8
n 3333 9
n 3335 1
n 3336 1
n 3343 8
n 3346 5
n 3349 10
n 3351 9
n 3355 8
n 3356 9
n 3357 8
n 3369 1
n 3374 1
n 3383 10
n 3384 3
n 3390 3
n 3398 9
n 3411 10
n 3414 5
n 3417 3
n 3419 2
n 3425 3
n 3428 1
n 3430 8
n 3431 1
n 3434 5
n 3437 1
n 3443 1
n 3446 10
n 3447 9
n 3452 3
n 3454 9
n 3459 8
n 3461 3
n 3466 1
n 3468 7
n 3472 8
n 3482 4
n 3483 10
n 3490 8
n 3491 1
n 3494 9
n 3504 8
n 3509 3
n 3518 8
n 3521 3
n 3524 1
n 3525 2
n 3532 2
n 3534 8
n 3535 5
n 3536 8
n 3537 1
n 3540 9
n 3544 1
n 3546 6
n 3553 1
n 3555 2
n 3561 1
n 3567 4
n 3571 6
n 3573 6
n 3574 10
n 3578 1
n 3580 8
n 3583 1
n 3586 9
n 3588 7
n 3589 6
n 3599 5
n 3602 8
n 3604 7
n 3616 3
n 3617 9
n 3619 2
n 3621 10
n 3628 5
n 3629 9
n 3632 3
n 3634 5
n 3635 1
n 3642 7
n 3645 1
n 3649 4
n 3659 3
n 3662 4
n 3665 6
n 3667 4
n 3670 7
n 3671 7
n 3672 6
n 3674 9
n 3678 8
n 3681 1
n 3683 10
n 3684 3
n 3685 8
n 3689 5
n 3690 2
n 3693 3
n 3698 7
n 3701 4
n 3706 7
n 3713 2
n 3715 9
n 3721 7
n 3724 6
n 3726 7
n 3727 7
n 3732 4
n 3737 1
n 3743 8
n 3746 7
n 3749 9
n 3750 9
n 3753 7
n 3755 9
n 3756 2
n 3757 3
n 3760 2
n 3761 6
n 3762 7
n 3763 1
n 3771 8
n 3776 4
n 3778 9
n 3784 4
n 3792 4
n 3802 8
n 3803 6
n 3808 6
n 3812 2
n 3813 2
n 3814 7
n 3818 1
n 3826 1
n 3828 9
n 3829 4
n 3841 9
n 3842 2
n 3854 3
n 3858 10
n 3865 1
n 3869 8
n 3872 6
n 3875 5
n 3878 7
n 3881 2
n 3882 6
n 3888 4
n 3889 3
n 3894 10
n 3895 2
n 3898 4
n 3900 10
n 3911 2
n 3912 7
n 3913 10
n 3916 8
n 3920 9
n 3921 8
n 3932 9
n 3937 8
n 3938 9
n 3947 9
n 3948 9
n 3954 3
n 3960 9
n 3962 8
n 3969 2
n 3976 9
n 3977 1
n 3979 3
n 3984 1
n 3985 3
n 3994 5
n 3996 10
n 3997 1
n 4001 6
n 4004 9
n 4006 3
n 4007 7
n 4008 2
n 4014 2
n 4015 1
n 4017 3
n 4018 8
n 4020 10
n 4024 5
n 4029 6
n 4030 8
n 4032 7
n 4034 2
n 4040 3
n 4047 1
n 4051 8
n 4056 8
n 4058 3
n 4060 3
n 4067 9
n 4068 3
n 4069 10
n 4071 8
n 4077 7
n 4080 9
n 4082 7
n 4089 2
n 4091 4
n 4096 8
n 4097 8
n 4098 5
n 4106 8
n 4108 6
n 4112 8
n 4115 6
n 4117 5
n 4124 6
n 4127 4
n 4129 4
n 4130 4
n 4138 3
n 4139 5
n 4145 3
n 4149 9
n 4153 1
n 4160 2
n 4161 7
n 4163 1
n 4164 1
n 4165 4
n 4166 3
n 4171 8
n 4172 4
n 4173 10
n 4178 3
n 4185 8
n 4190 3
n 4191 1
n 4192 5
n 4194 10
n 4196 1
n 4198 4
n 4200 2
n 4205 3
n 4208 4
n 4209 6
n 4215 6
n 4217 8
n 4220 9
n 4221 5
n 4225 2
n 4229 6
n 4230 8
n 4231 1
n 4237 4
n 4239 7
n 4247 7
n 4259 8
n 4262 5
n 4266 7
n 4271 8
n 4276 7
n 4277 2
n 4282 7
n 4284 4
n 4285 7
n 4293 6
n 4298 5
n 4300 3
n 4301 9
n 4303 9
n 4306 5
n 4309 2
n 4310 9
n 4312 2
n 4313 8
n 4326 1
n 4328 1
n 4346 7
n 4347 5
n 4350 9
n 4352 9
n 4354 4
n 4355 9
n 4360 8
n 4363 2
n 4367 9
n 4368 7
n 4369 2
n 4374 9
n 4388 4
n 4389 2
n 4396 6
n 4404 2
n 4406 2
n 4410 2
n 4415 9
n 4419 3
n 4425 5
n 4430 6
n 4433 2
n 4439 10
n 4440 9
n 4442 7
n 4457 2
n 4476 2
n 4477 3
n 4485 8
n 4488 1
n 4491 3
n 4494 1
n 4498 8
n 4499 9
n 4502 10
n 4515 5
n 4519 3
n 4524 6
n 4526 3
n 4531 8
n 4534 5
n 4535 4
n 4539 10
n 4544 10
n 4547 10
n 4550 9
n 4563 1
n 4568 3
n 4569 6
n 4579 3
n 4580 1
n 4585 10
n 4590 6
n 4591 8
n 4597 3
n 4601 5
n 4605 7
n 4609 1
n 4610 8
n 4614 9
n 4618 5
n 4627 7
n 4631 5
n 4635 1
n 4637 1
n 4646 10
n 4664 7
n 4669 8
n 4670 4
n 4671 10
n 4676 8
n 4677 8
n 4682 5
n 4684 7
n 4687 4
n 4689 5
n 4696 9
n 4700 9
n 4701 2
n 4704 7
n 4706 10
n 4708 8
n 4714 6
n 4715 7
n 4732 2
n 4734 6
n 4754 1
n 4756 9
n 4757 10
n 4759 6
n 4760 5
n 4774 8
n 4778 5
n 4782 6
n 4792 5
n 4799 5
n 4804 7
n 4807 9
n 4812 2
n 4814 6
n 4820 1
n 4832 9
n 4833 10
n 4837 6
n 4840 3
n 4841 7
n 4845 4
n 4852 4
n 4855 7
n 4857 10
n 4858 2
n 4859 7
n 4860 2
n 4861 1
n 4864 9
n 4872 2
n 4873 4
n 4874 10
n 4879 9
n 4892 7
n 4894 3
n 4896 2
n 4897 7
n 4900 2
n 4901 4
n 4904 8
n 4908 6
n 4912 10
n 4929 10
n 4933 2
n 4936 7
n 4937 4
n 4938 10
n 4944 4
n 4946 2
n 4947 5
n 4948 1
n 4949 1
n 4950 7
n 4957 5
n 4969 7
n 4970 3
n 4976 8
n 4981 4
n 4982 6
n 4983 6
n 4988 9
n 4992 1
n 4993 8
n 4994 5
n 4996 3
n 4997 5
n 4998 6
