c FILE graph.txt
c SOURCE This is a scale-free graph formed for the happy graph colouring problem.
c DESCRIPTION It was generated using the problem generator of Rhyd Lewis
c
c GRAPH STATS
c Seed                             = 1
c Number of Nodes                  = 1000
c Number of colours k              = 10
c Number of pre-assignments        = 200
c Number of links per new node     = 2
c Density                          = 0.003998
c 
c The degrees of nodes 1 to 1000, respectively, are as follows 
c [72, 62, 58, 50, 44, 42, 40, 35, 27, 26, 25, 25, 24, 23, 23, 23, 22, 21, 20, 18, 17, 17, 16, 15, 15, 15, 
c  14, 14, 14, 14, 13, 13, 13, 12, 12, 12, 12, 12, 12, 12, 11, 11, 11, 11, 11, 11, 11, 11, 11, 10, 10, 
c  10, 10, 10, 10, 10, 10, 9, 9, 9, 9, 9, 9, 9, 9, 9, 9, 9, 9, 9, 8, 8, 8, 8, 8, 8, 
c  8, 8, 8, 8, 8, 7, 7, 7, 7, 7, 7, 7, 7, 7, 7, 7, 7, 7, 7, 7, 7, 7, 7, 7, 7, 
c  7, 7, 7, 7, 6, 6, 6, 6, 6, 6, 6, 6, 6, 6, 6, 6, 6, 6, 6, 6, 6, 6, 6, 6, 6, 
c  6, 6, 6, 6, 6, 6, 6, 6, 6, 6, 6, 5, 5, 5, 5, 5, 5, 5, 5, 5, 5, 5, 5, 5, 5, 
c  5, 5, 5, 5, 5, 5, 5, 5, 5, 5, 5, 5, 5, 5, 5, 5, 5, 5, 5, 5, 5, 5, 5, 5, 5, 
c  5, 5, 5, 5, 5, 5, 5, 4, 4, 4, 4, 4, 4, 4, 4, 4, 4, 4, 4, 4, 4, 4, 4, 4, 4, 
c  4, 4, 4, 4, 4, 4, 4, 4, 4, 4, 4, 4, 4, 4, 4, 4, 4, 4, 4, 4, 4, 4, 4, 4, 4, 
c  4, 4, 4, 4, 4, 4, 4, 4, 4, 4, 4, 4, 4, 4, 4, 4, 4, 4, 4, 4, 4, 4, 4, 4, 4, 
c  4, 4, 4, 4, 4, 4, 4, 4, 4, 4, 4, 4, 4, 4, 4, 4, 4, 4, 4, 4, 4, 4, 4, 4, 4, 
c  4, 4, 4, 4, 4, 4, 4, 4, 4, 4, 4, 4, 3, 3, 3, 3, 3, 3, 3, 3, 3, 3, 3, 3, 3, 
c  3, 3, 3, 3, 3, 3, 3, 3, 3, 3, 3, 3, 3, 3, 3, 3, 3, 3, 3, 3, 3, 3, 3, 3, 3, 
c  3, 3, 3, 3, 3, 3, 3, 3, 3, 3, 3, 3, 3, 3, 3, 3, 3, 3, 3, 3, 3, 3, 3, 3, 3, 
c  3, 3, 3, 3, 3, 3, 3, 3, 3, 3, 3, 3, 3, 3, 3, 3, 3, 3, 3, 3, 3, 3, 3, 3, 3, 
c  3, 3, 3, 3, 3, 3, 3, 3, 3, 3, 3, 3, 3, 3, 3, 3, 3, 3, 3, 3, 3, 3, 3, 3, 3, 
c  3, 3, 3, 3, 3, 3, 3, 3, 3, 3, 3, 3, 3, 3, 3, 3, 3, 3, 3, 3, 3, 3, 3, 3, 3, 
c  3, 3, 3, 3, 3, 3, 3, 3, 3, 3, 3, 3, 3, 3, 3, 3, 3, 3, 3, 3, 3, 3, 3, 3, 3, 
c  3, 3, 3, 3, 3, 3, 3, 3, 3, 3, 3, 3, 3, 3, 3, 3, 3, 3, 3, 3, 3, 3, 3, 3, 3, 
c  3, 3, 3, 3, 3, 3, 3, 3, 3, 3, 3, 3, 3, 3, 3, 3, 3, 3, 3, 3, 3, 3, 3, 3, 3, 
c  3, 3, 3, 3, 3, 3, 3, 3, 3, 2, 2, 2, 2, 2, 2, 2, 2, 2, 2, 2, 2, 2, 2, 2, 2, 
c  2, 2, 2, 2, 2, 2, 2, 2, 2, 2, 2, 2, 2, 2, 2, 2, 2, 2, 2, 2, 2, 2, 2, 2, 2, 
c  2, 2, 2, 2, 2, 2, 2, 2, 2, 2, 2, 2, 2, 2, 2, 2, 2, 2, 2, 2, 2, 2, 2, 2, 2, 
c  2, 2, 2, 2, 2, 2, 2, 2, 2, 2, 2, 2, 2, 2, 2, 2, 2, 2, 2, 2, 2, 2, 2, 2, 2, 
c  2, 2, 2, 2, 2, 2, 2, 2, 2, 2, 2, 2, 2, 2, 2, 2, 2, 2, 2, 2, 2, 2, 2, 2, 2, 
c  2, 2, 2, 2, 2, 2, 2, 2, 2, 2, 2, 2, 2, 2, 2, 2, 2, 2, 2, 2, 2, 2, 2, 2, 2, 
c  2, 2, 2, 2, 2, 2, 2, 2, 2, 2, 2, 2, 2, 2, 2, 2, 2, 2, 2, 2, 2, 2, 2, 2, 2, 
c  2, 2, 2, 2, 2, 2, 2, 2, 2, 2, 2, 2, 2, 2, 2, 2, 2, 2, 2, 2, 2, 2, 2, 2, 2, 
c  2, 2, 2, 2, 2, 2, 2, 2, 2, 2, 2, 2, 2, 2, 2, 2, 2, 2, 2, 2, 2, 2, 2, 2, 2, 
c  2, 2, 2, 2, 2, 2, 2, 2, 2, 2, 2, 2, 2, 2, 2, 2, 2, 2, 2, 2, 2, 2, 2, 2, 2, 
c  2, 2, 2, 2, 2, 2, 2, 2, 2, 2, 2, 2, 2, 2, 2, 2, 2, 2, 2, 2, 2, 2, 2, 2, 2, 
c  2, 2, 2, 2, 2, 2, 2, 2, 2, 2, 2, 2, 2, 2, 2, 2, 2, 2, 2, 2, 2, 2, 2, 2, 2, 
c  2, 2, 2, 2, 2, 2, 2, 2, 2, 2, 2, 2, 2, 2, 2, 2, 2, 2, 2, 2, 2, 2, 2, 2, 2, 
c  2, 2, 2, 2, 2, 2, 2, 2, 2, 2, 2, 2, 2, 2, 2, 2, 2, 2, 2, 2, 2, 2, 2, 2, 2, 
c  2, 2, 2, 2, 2, 2, 2, 2, 2, 2, 2, 2, 2, 2, 2, 2, 2, 2, 2, 2, 2, 2, 2, 2, 2, 
c  2, 2, 2, 2, 2, 2, 2, 2, 2, 2, 2, 2, 2, 2, 2, 2, 2, 2, 2, 2, 2, 2, 2, 2, 2, 
c  2, 2, 2, 2, 2, 2, 2, 2, 2, 2, 2, 2, 2, 2, 2, 2, 2, 2, 2, 2, 2, 2, 2, 2, 2, 
c  2, 2, 2, 2, 2, 2, 2, 2, 2, 2, 2, 2, 2, 2, 2, 2, 2, 2, 2, 2, 2, 2, 2, 2, 2, 
c  2, 2, 2, 2, 2, 2, 2, 2, 2, 2, 2, 2, 2, 2, 2, 2, 2, 2, 2, 2, 2, 2, 2, 2, 2, 
c  2, 2, 2, 2, 2, 2, 2, 2, 2, 2, 2, 2, 2, 2, 2, 2, 2, 2, 2, 2, 2, 2, 2, 2] 
c  
p edge 1000 1997 10
e 1 2
e 1 4
e 1 6
e 1 7
e 1 9
e 1 11
e 1 19
e 1 22
e 1 24
e 1 26
e 1 27
e 1 34
e 1 35
e 1 36
e 1 40
e 1 42
e 1 46
e 1 50
e 1 53
e 1 58
e 1 60
e 1 64
e 1 68
e 1 72
e 1 85
e 1 87
e 1 108
e 1 115
e 1 119
e 1 128
e 1 138
e 1 143
e 1 187
e 1 194
e 1 208
e 1 217
e 1 235
e 1 310
e 1 343
e 1 363
e 1 390
e 1 405
e 1 411
e 1 414
e 1 418
e 1 429
e 1 433
e 1 480
e 1 483
e 1 490
e 1 491
e 1 498
e 1 504
e 1 510
e 1 514
e 1 521
e 1 529
e 1 543
e 1 547
e 1 560
e 1 561
e 1 573
e 1 594
e 1 600
e 1 668
e 1 694
e 1 723
e 1 756
e 1 766
e 1 800
e 1 840
e 1 893
e 2 5
e 2 6
e 2 10
e 2 13
e 2 14
e 2 25
e 2 29
e 2 34
e 2 39
e 2 42
e 2 43
e 2 44
e 2 82
e 2 102
e 2 113
e 2 149
e 2 150
e 2 157
e 2 163
e 2 193
e 2 201
e 2 203
e 2 210
e 2 216
e 2 224
e 2 258
e 2 289
e 2 311
e 2 321
e 2 354
e 2 368
e 2 369
e 2 380
e 2 386
e 2 426
e 2 459
e 2 479
e 2 536
e 2 540
e 2 544
e 2 549
e 2 571
e 2 588
e 2 592
e 2 597
e 2 617
e 2 627
e 2 636
e 2 648
e 2 675
e 2 680
e 2 719
e 2 737
e 2 746
e 2 759
e 2 826
e 2 834
e 2 876
e 2 911
e 2 929
e 2 948
e 3 4
e 3 6
e 3 7
e 3 8
e 3 20
e 3 23
e 3 28
e 3 34
e 3 36
e 3 41
e 3 54
e 3 57
e 3 58
e 3 63
e 3 71
e 3 73
e 3 80
e 3 86
e 3 91
e 3 142
e 3 184
e 3 186
e 3 195
e 3 204
e 3 219
e 3 226
e 3 244
e 3 248
e 3 254
e 3 279
e 3 290
e 3 294
e 3 306
e 3 326
e 3 329
e 3 333
e 3 339
e 3 425
e 3 443
e 3 451
e 3 488
e 3 491
e 3 492
e 3 511
e 3 526
e 3 533
e 3 546
e 3 550
e 3 566
e 3 599
e 3 663
e 3 683
e 3 735
e 3 764
e 3 786
e 3 881
e 3 904
e 3 946
e 4 10
e 4 17
e 4 19
e 4 30
e 4 56
e 4 83
e 4 85
e 4 107
e 4 147
e 4 155
e 4 160
e 4 181
e 4 186
e 4 202
e 4 209
e 4 212
e 4 228
e 4 247
e 4 269
e 4 275
e 4 293
e 4 295
e 4 296
e 4 308
e 4 321
e 4 338
e 4 370
e 4 392
e 4 417
e 4 499
e 4 538
e 4 543
e 4 546
e 4 574
e 4 584
e 4 622
e 4 682
e 4 701
e 4 710
e 4 749
e 4 767
e 4 802
e 4 820
e 4 821
e 4 830
e 4 853
e 4 901
e 4 904
e 5 7
e 5 12
e 5 21
e 5 26
e 5 30
e 5 38
e 5 54
e 5 79
e 5 89
e 5 106
e 5 109
e 5 122
e 5 132
e 5 149
e 5 159
e 5 228
e 5 237
e 5 261
e 5 292
e 5 315
e 5 327
e 5 373
e 5 376
e 5 379
e 5 462
e 5 485
e 5 511
e 5 516
e 5 534
e 5 556
e 5 576
e 5 609
e 5 687
e 5 733
e 5 787
e 5 797
e 5 800
e 5 864
e 5 897
e 5 923
e 5 925
e 5 941
e 5 964
e 6 27
e 6 35
e 6 51
e 6 62
e 6 76
e 6 107
e 6 119
e 6 127
e 6 184
e 6 188
e 6 195
e 6 205
e 6 256
e 6 290
e 6 298
e 6 339
e 6 344
e 6 356
e 6 374
e 6 513
e 6 518
e 6 527
e 6 530
e 6 555
e 6 558
e 6 607
e 6 626
e 6 629
e 6 677
e 6 705
e 6 729
e 6 772
e 6 782
e 6 873
e 6 876
e 6 900
e 6 924
e 6 981
e 6 1000
e 7 11
e 7 14
e 7 15
e 7 17
e 7 49
e 7 72
e 7 86
e 7 114
e 7 117
e 7 118
e 7 139
e 7 154
e 7 165
e 7 211
e 7 215
e 7 223
e 7 255
e 7 257
e 7 304
e 7 325
e 7 343
e 7 344
e 7 358
e 7 409
e 7 498
e 7 516
e 7 517
e 7 538
e 7 552
e 7 595
e 7 732
e 7 884
e 7 895
e 7 909
e 7 936
e 7 946
e 7 977
e 8 14
e 8 20
e 8 21
e 8 24
e 8 25
e 8 29
e 8 33
e 8 46
e 8 64
e 8 84
e 8 88
e 8 109
e 8 111
e 8 112
e 8 147
e 8 187
e 8 199
e 8 213
e 8 233
e 8 247
e 8 302
e 8 325
e 8 416
e 8 535
e 8 547
e 8 551
e 8 586
e 8 637
e 8 646
e 8 655
e 8 695
e 8 713
e 8 776
e 8 974
e 9 62
e 9 66
e 9 116
e 9 120
e 9 145
e 9 156
e 9 208
e 9 268
e 9 271
e 9 285
e 9 289
e 9 301
e 9 303
e 9 404
e 9 405
e 9 421
e 9 503
e 9 585
e 9 596
e 9 660
e 9 661
e 9 674
e 9 678
e 9 720
e 9 739
e 9 833
e 10 71
e 10 95
e 10 144
e 10 148
e 10 185
e 10 249
e 10 294
e 10 297
e 10 309
e 10 317
e 10 319
e 10 331
e 10 334
e 10 387
e 10 424
e 10 458
e 10 556
e 10 560
e 10 612
e 10 659
e 10 676
e 10 817
e 10 884
e 10 891
e 11 28
e 11 44
e 11 70
e 11 93
e 11 110
e 11 138
e 11 141
e 11 197
e 11 204
e 11 207
e 11 267
e 11 271
e 11 361
e 11 371
e 11 467
e 11 513
e 11 568
e 11 597
e 11 724
e 11 806
e 11 890
e 11 938
e 11 991
e 12 48
e 12 51
e 12 78
e 12 174
e 12 237
e 12 300
e 12 351
e 12 352
e 12 381
e 12 389
e 12 436
e 12 527
e 12 541
e 12 549
e 12 593
e 12 602
e 12 611
e 12 729
e 12 838
e 12 863
e 12 907
e 12 942
e 12 983
e 12 988
e 13 21
e 13 52
e 13 83
e 13 103
e 13 131
e 13 139
e 13 156
e 13 252
e 13 302
e 13 312
e 13 337
e 13 349
e 13 359
e 13 375
e 13 496
e 13 544
e 13 578
e 13 579
e 13 604
e 13 727
e 13 738
e 13 770
e 13 882
e 14 40
e 14 93
e 14 97
e 14 106
e 14 110
e 14 113
e 14 145
e 14 197
e 14 289
e 14 291
e 14 301
e 14 309
e 14 332
e 14 418
e 14 641
e 14 687
e 14 731
e 14 804
e 14 909
e 14 978
e 15 25
e 15 96
e 15 121
e 15 171
e 15 295
e 15 328
e 15 374
e 15 419
e 15 454
e 15 462
e 15 524
e 15 566
e 15 587
e 15 591
e 15 643
e 15 691
e 15 713
e 15 769
e 15 862
e 15 878
e 15 974
e 15 998
e 16 21
e 16 30
e 16 33
e 16 90
e 16 146
e 16 151
e 16 175
e 16 190
e 16 199
e 16 205
e 16 209
e 16 318
e 16 365
e 16 453
e 16 455
e 16 600
e 16 625
e 16 632
e 16 714
e 16 733
e 16 740
e 16 760
e 16 958
e 17 61
e 17 112
e 17 196
e 17 220
e 17 245
e 17 253
e 17 265
e 17 306
e 17 354
e 17 388
e 17 567
e 17 572
e 17 618
e 17 638
e 17 664
e 17 718
e 17 736
e 17 764
e 17 943
e 17 960
e 18 19
e 18 108
e 18 135
e 18 150
e 18 246
e 18 274
e 18 284
e 18 305
e 18 307
e 18 406
e 18 437
e 18 519
e 18 524
e 18 558
e 18 634
e 18 690
e 18 774
e 18 843
e 18 877
e 18 951
e 18 957
e 19 49
e 19 81
e 19 91
e 19 124
e 19 132
e 19 178
e 19 194
e 19 363
e 19 457
e 19 592
e 19 607
e 19 690
e 19 704
e 19 757
e 19 803
e 19 912
e 19 922
e 20 67
e 20 76
e 20 192
e 20 206
e 20 227
e 20 314
e 20 330
e 20 348
e 20 380
e 20 459
e 20 537
e 20 791
e 20 827
e 20 858
e 20 907
e 20 947
e 21 82
e 21 102
e 21 115
e 21 129
e 21 140
e 21 231
e 21 240
e 21 305
e 21 426
e 21 553
e 21 644
e 21 769
e 21 997
e 22 72
e 22 77
e 22 79
e 22 80
e 22 111
e 22 161
e 22 206
e 22 212
e 22 278
e 22 330
e 22 367
e 22 520
e 22 691
e 22 848
e 22 898
e 22 940
e 23 27
e 23 38
e 23 59
e 23 84
e 23 87
e 23 146
e 23 152
e 23 172
e 23 215
e 23 320
e 23 379
e 23 417
e 23 423
e 23 509
e 23 781
e 24 74
e 24 136
e 24 176
e 24 223
e 24 310
e 24 337
e 24 373
e 24 475
e 24 510
e 24 514
e 24 523
e 24 789
e 24 962
e 25 47
e 25 108
e 25 214
e 25 251
e 25 431
e 25 554
e 25 636
e 25 702
e 25 742
e 25 803
e 25 928
e 25 993
e 26 37
e 26 43
e 26 125
e 26 196
e 26 235
e 26 428
e 26 469
e 26 537
e 26 553
e 26 695
e 26 700
e 26 814
e 26 899
e 27 50
e 27 51
e 27 53
e 27 75
e 27 123
e 27 133
e 27 159
e 27 189
e 27 333
e 27 460
e 27 913
e 28 52
e 28 202
e 28 214
e 28 266
e 28 292
e 28 312
e 28 318
e 28 391
e 28 505
e 28 554
e 28 711
e 28 785
e 29 45
e 29 60
e 29 65
e 29 218
e 29 440
e 29 461
e 29 481
e 29 658
e 29 751
e 29 816
e 29 819
e 29 880
e 30 65
e 30 131
e 30 299
e 30 415
e 30 449
e 30 517
e 30 528
e 30 613
e 30 640
e 30 650
e 30 825
e 31 35
e 31 68
e 31 73
e 31 81
e 31 95
e 31 277
e 31 364
e 31 367
e 31 429
e 31 654
e 31 693
e 31 706
e 31 838
e 32 44
e 32 149
e 32 220
e 32 316
e 32 428
e 32 577
e 32 593
e 32 620
e 32 725
e 32 730
e 32 771
e 32 941
e 32 996
e 33 166
e 33 307
e 33 361
e 33 410
e 33 494
e 33 509
e 33 572
e 33 581
e 33 855
e 33 967
e 33 971
e 34 41
e 34 100
e 34 303
e 34 348
e 34 545
e 34 596
e 34 720
e 34 785
e 34 790
e 35 59
e 35 94
e 35 140
e 35 158
e 35 191
e 35 246
e 35 259
e 35 382
e 35 400
e 36 154
e 36 177
e 36 324
e 36 340
e 36 386
e 36 542
e 36 565
e 36 694
e 36 975
e 36 987
e 37 41
e 37 55
e 37 167
e 37 221
e 37 240
e 37 255
e 37 525
e 37 614
e 37 783
e 37 930
e 37 963
e 38 88
e 38 200
e 38 239
e 38 342
e 38 369
e 38 446
e 38 484
e 38 598
e 38 753
e 38 775
e 39 186
e 39 217
e 39 241
e 39 280
e 39 350
e 39 370
e 39 563
e 39 651
e 39 709
e 39 845
e 39 872
e 40 133
e 40 241
e 40 296
e 40 360
e 40 364
e 40 396
e 40 442
e 40 786
e 40 792
e 40 984
e 41 249
e 41 299
e 41 334
e 41 447
e 41 520
e 41 531
e 41 539
e 41 761
e 42 70
e 42 231
e 42 232
e 42 298
e 42 319
e 42 430
e 42 495
e 42 603
e 42 731
e 43 89
e 43 153
e 43 183
e 43 203
e 43 398
e 43 502
e 43 623
e 43 721
e 43 975
e 44 120
e 44 201
e 44 267
e 44 519
e 44 634
e 44 653
e 44 672
e 44 989
e 45 78
e 45 101
e 45 108
e 45 477
e 45 542
e 45 578
e 45 749
e 45 763
e 45 860
e 45 885
e 46 96
e 46 257
e 46 304
e 46 359
e 46 464
e 46 490
e 46 616
e 46 879
e 46 955
e 47 62
e 47 99
e 47 155
e 47 229
e 47 564
e 47 577
e 47 590
e 47 646
e 47 656
e 47 689
e 48 198
e 48 277
e 48 440
e 48 486
e 48 496
e 48 622
e 48 640
e 48 692
e 48 725
e 48 988
e 49 171
e 49 376
e 49 383
e 49 395
e 49 422
e 49 580
e 49 591
e 49 595
e 49 621
e 50 73
e 50 218
e 50 222
e 50 291
e 50 341
e 50 357
e 50 565
e 50 638
e 51 61
e 51 117
e 51 144
e 51 493
e 51 532
e 51 559
e 51 665
e 52 77
e 52 191
e 52 323
e 52 512
e 52 575
e 52 610
e 52 641
e 52 986
e 53 56
e 53 66
e 53 163
e 53 170
e 53 533
e 53 802
e 53 950
e 53 961
e 54 97
e 54 260
e 54 518
e 54 523
e 54 673
e 54 699
e 54 939
e 54 944
e 55 74
e 55 121
e 55 122
e 55 143
e 55 198
e 55 243
e 55 557
e 55 627
e 55 755
e 56 69
e 56 341
e 56 356
e 56 413
e 56 529
e 56 779
e 56 920
e 56 977
e 57 98
e 57 115
e 57 243
e 57 357
e 57 390
e 57 449
e 57 535
e 57 755
e 57 971
e 58 188
e 58 226
e 58 262
e 58 466
e 58 756
e 58 870
e 58 906
e 59 162
e 59 185
e 59 308
e 59 445
e 59 494
e 59 531
e 59 735
e 60 180
e 60 190
e 60 268
e 60 507
e 60 588
e 60 598
e 60 910
e 61 74
e 61 225
e 61 265
e 61 406
e 61 423
e 61 487
e 61 866
e 62 167
e 62 175
e 62 200
e 62 515
e 62 540
e 62 874
e 63 73
e 63 105
e 63 192
e 63 236
e 63 315
e 63 615
e 63 662
e 63 672
e 64 261
e 64 287
e 64 322
e 64 420
e 64 827
e 64 894
e 64 968
e 65 157
e 65 233
e 65 336
e 65 548
e 65 762
e 65 885
e 65 983
e 66 151
e 66 210
e 66 227
e 66 288
e 66 501
e 66 503
e 66 747
e 67 114
e 67 165
e 67 699
e 67 722
e 67 758
e 67 832
e 67 923
e 67 959
e 68 101
e 68 456
e 68 620
e 68 817
e 68 819
e 68 840
e 68 926
e 69 86
e 69 323
e 69 411
e 69 434
e 69 473
e 69 794
e 69 937
e 69 949
e 70 470
e 70 582
e 70 645
e 70 708
e 70 726
e 70 824
e 70 943
e 71 189
e 71 446
e 71 457
e 71 606
e 71 805
e 71 886
e 72 148
e 72 360
e 72 368
e 72 696
e 72 880
e 73 162
e 73 179
e 73 352
e 73 536
e 74 134
e 74 142
e 74 173
e 74 182
e 74 940
e 75 84
e 75 336
e 75 404
e 75 444
e 75 751
e 75 804
e 75 959
e 76 90
e 76 285
e 76 297
e 76 329
e 76 475
e 76 539
e 77 350
e 77 508
e 77 541
e 77 548
e 77 744
e 77 965
e 78 242
e 78 345
e 78 410
e 78 856
e 78 979
e 78 994
e 79 104
e 79 179
e 79 311
e 79 327
e 79 728
e 79 743
e 80 242
e 80 253
e 80 378
e 80 452
e 80 681
e 80 761
e 81 629
e 81 647
e 81 674
e 81 748
e 81 798
e 81 976
e 82 216
e 82 313
e 82 472
e 82 663
e 82 685
e 83 141
e 83 245
e 83 676
e 83 898
e 83 970
e 84 349
e 84 551
e 84 657
e 84 888
e 85 92
e 85 332
e 85 590
e 85 664
e 85 891
e 86 118
e 86 347
e 86 397
e 86 697
e 87 316
e 87 366
e 87 685
e 87 714
e 87 768
e 88 254
e 88 338
e 88 399
e 88 605
e 88 916
e 89 416
e 89 506
e 89 534
e 89 557
e 89 861
e 90 207
e 90 526
e 90 777
e 90 796
e 90 954
e 91 125
e 91 532
e 91 719
e 91 826
e 91 836
e 92 104
e 92 204
e 92 335
e 92 402
e 92 684
e 92 773
e 93 230
e 93 366
e 93 628
e 93 745
e 93 774
e 94 194
e 94 219
e 94 415
e 94 464
e 94 780
e 94 821
e 95 250
e 95 322
e 95 347
e 95 573
e 95 949
e 96 100
e 96 389
e 96 400
e 96 569
e 96 606
e 97 126
e 97 160
e 97 762
e 97 815
e 97 883
e 98 105
e 98 216
e 98 401
e 98 432
e 98 724
e 98 931
e 99 196
e 99 666
e 99 707
e 99 807
e 99 849
e 99 916
e 100 161
e 100 172
e 100 434
e 100 851
e 100 871
e 101 574
e 101 608
e 101 652
e 101 707
e 101 784
e 102 183
e 102 276
e 102 778
e 102 841
e 102 963
e 103 165
e 103 281
e 103 391
e 103 489
e 103 612
e 103 972
e 104 613
e 104 918
e 104 922
e 104 956
e 104 994
e 105 137
e 105 471
e 105 721
e 105 723
e 105 843
e 106 193
e 106 248
e 106 293
e 106 521
e 107 362
e 107 425
e 107 439
e 107 673
e 108 393
e 108 642
e 109 384
e 109 512
e 109 679
e 109 934
e 110 116
e 110 633
e 110 752
e 110 944
e 111 263
e 111 555
e 111 570
e 111 829
e 112 435
e 112 570
e 112 810
e 112 981
e 113 126
e 113 413
e 113 671
e 113 920
e 114 298
e 114 382
e 114 499
e 114 788
e 115 326
e 115 703
e 115 766
e 116 388
e 116 545
e 116 564
e 116 659
e 117 528
e 117 686
e 117 805
e 117 847
e 118 124
e 118 412
e 118 616
e 118 788
e 119 123
e 119 234
e 119 314
e 119 450
e 120 740
e 120 900
e 120 913
e 120 934
e 121 127
e 121 734
e 121 787
e 121 935
e 122 353
e 122 424
e 122 879
e 122 932
e 123 153
e 123 211
e 123 252
e 123 666
e 124 317
e 124 414
e 124 437
e 124 717
e 125 378
e 125 401
e 125 431
e 125 869
e 126 320
e 126 447
e 126 486
e 126 892
e 127 251
e 127 283
e 127 624
e 127 888
e 128 164
e 128 220
e 128 623
e 128 645
e 128 744
e 129 325
e 129 331
e 129 381
e 129 739
e 129 956
e 130 154
e 130 207
e 130 244
e 130 281
e 130 839
e 130 856
e 131 586
e 131 678
e 131 710
e 131 792
e 132 452
e 132 615
e 132 715
e 132 758
e 133 397
e 133 635
e 133 670
e 133 903
e 134 236
e 134 599
e 134 610
e 134 684
e 134 771
e 135 171
e 135 438
e 135 670
e 135 790
e 135 919
e 136 374
e 136 409
e 136 442
e 136 689
e 136 871
e 137 339
e 137 741
e 137 823
e 137 925
e 137 933
e 138 300
e 138 351
e 138 859
e 139 515
e 139 611
e 139 682
e 140 522
e 140 625
e 140 734
e 141 229
e 141 355
e 141 679
e 142 362
e 142 765
e 142 999
e 143 169
e 143 270
e 143 781
e 144 177
e 144 559
e 144 609
e 145 152
e 145 828
e 145 910
e 146 168
e 146 441
e 146 589
e 147 198
e 147 358
e 147 654
e 148 631
e 148 652
e 148 661
e 149 335
e 149 718
e 150 395
e 150 583
e 150 867
e 151 166
e 151 256
e 151 839
e 152 158
e 152 213
e 152 883
e 153 453
e 153 501
e 153 594
e 154 644
e 154 736
e 155 562
e 155 628
e 155 924
e 156 284
e 156 407
e 156 601
e 157 169
e 157 799
e 157 829
e 158 394
e 158 886
e 158 935
e 159 562
e 159 776
e 159 842
e 160 346
e 160 353
e 160 919
e 161 276
e 161 624
e 161 763
e 162 238
e 162 701
e 162 813
e 163 582
e 163 757
e 163 887
e 164 170
e 164 193
e 164 375
e 164 650
e 165 238
e 165 579
e 166 717
e 166 780
e 166 811
e 167 750
e 167 799
e 167 890
e 168 301
e 168 581
e 168 605
e 168 688
e 169 492
e 169 504
e 169 852
e 170 601
e 170 602
e 170 846
e 171 176
e 171 895
e 172 460
e 172 603
e 172 697
e 173 185
e 173 396
e 173 419
e 173 752
e 174 253
e 174 618
e 174 845
e 174 917
e 175 263
e 175 433
e 175 982
e 176 630
e 176 784
e 176 878
e 177 669
e 177 759
e 177 830
e 178 248
e 178 259
e 178 732
e 178 741
e 179 282
e 179 716
e 179 933
e 180 260
e 180 456
e 180 655
e 180 852
e 181 259
e 181 466
e 181 677
e 181 688
e 182 283
e 182 414
e 182 842
e 182 989
e 183 730
e 183 847
e 183 889
e 184 474
e 184 853
e 185 394
e 186 648
e 187 522
e 187 793
e 188 346
e 188 709
e 189 439
e 189 461
e 190 221
e 190 660
e 191 232
e 191 495
e 192 313
e 192 575
e 193 550
e 194 794
e 195 324
e 195 458
e 196 973
e 197 703
e 197 754
e 198 571
e 199 500
e 199 812
e 200 282
e 200 667
e 201 637
e 201 850
e 202 908
e 202 938
e 203 384
e 203 825
e 204 795
e 205 234
e 205 990
e 206 567
e 206 614
e 207 726
e 208 224
e 208 587
e 209 422
e 209 649
e 210 777
e 210 985
e 211 568
e 211 822
e 212 239
e 212 387
e 213 408
e 213 563
e 214 230
e 214 966
e 215 589
e 215 877
e 216 692
e 217 445
e 217 469
e 218 340
e 218 365
e 219 328
e 219 696
e 220 222
e 221 250
e 221 927
e 222 727
e 222 748
e 223 476
e 223 912
e 224 818
e 224 969
e 225 303
e 225 372
e 225 377
e 226 420
e 226 580
e 227 671
e 227 708
e 228 619
e 228 642
e 229 897
e 229 921
e 230 273
e 230 441
e 231 258
e 231 481
e 232 377
e 232 972
e 233 264
e 233 693
e 234 473
e 234 584
e 235 264
e 235 630
e 236 292
e 236 619
e 237 604
e 237 706
e 238 583
e 238 967
e 239 478
e 239 793
e 240 465
e 240 716
e 241 467
e 241 816
e 242 632
e 242 715
e 243 633
e 243 854
e 244 833
e 244 985
e 245 639
e 245 857
e 246 639
e 246 807
e 247 385
e 247 921
e 248 903
e 249 608
e 249 668
e 250 463
e 250 711
e 251 432
e 251 704
e 252 393
e 252 952
e 253 705
e 254 398
e 254 681
e 255 402
e 255 809
e 256 635
e 256 997
e 257 488
e 257 665
e 258 770
e 258 931
e 259 969
e 260 311
e 260 657
e 261 502
e 261 889
e 262 402
e 262 767
e 262 808
e 263 815
e 263 844
e 264 893
e 264 908
e 265 451
e 265 848
e 266 416
e 266 831
e 266 901
e 267 430
e 267 832
e 268 479
e 268 712
e 269 412
e 269 844
e 269 872
e 270 440
e 270 485
e 270 500
e 271 465
e 271 978
e 272 313
e 272 382
e 272 828
e 272 896
e 273 304
e 273 750
e 273 945
e 274 358
e 274 928
e 274 953
e 275 400
e 275 489
e 275 837
e 276 796
e 276 927
e 277 868
e 277 992
e 278 403
e 278 841
e 278 902
e 279 375
e 279 824
e 279 905
e 280 459
e 280 867
e 280 945
e 281 477
e 281 806
e 282 808
e 282 834
e 283 789
e 283 979
e 284 894
e 284 961
e 285 836
e 285 950
e 286 434
e 286 484
e 286 835
e 286 855
e 287 441
e 287 866
e 287 964
e 288 467
e 288 929
e 288 996
e 290 385
e 291 472
e 293 561
e 294 631
e 295 508
e 296 936
e 297 345
e 299 342
e 300 617
e 302 525
e 305 667
e 306 530
e 307 662
e 308 576
e 309 698
e 310 862
e 312 403
e 314 976
e 315 854
e 316 831
e 317 768
e 318 669
e 319 772
e 320 448
e 321 482
e 322 850
e 323 552
e 324 686
e 326 952
e 327 746
e 328 765
e 329 791
e 330 478
e 331 403
e 332 355
e 333 585
e 334 918
e 335 649
e 336 973
e 337 505
e 338 868
e 340 569
e 341 474
e 342 812
e 343 436
e 344 653
e 345 392
e 346 951
e 347 444
e 348 865
e 349 455
e 350 408
e 351 487
e 352 835
e 353 651
e 354 371
e 355 399
e 356 712
e 357 482
e 359 497
e 360 470
e 361 383
e 362 942
e 363 882
e 364 675
e 365 783
e 366 700
e 367 407
e 368 905
e 369 372
e 370 448
e 371 421
e 372 698
e 373 737
e 376 427
e 377 859
e 378 947
e 379 801
e 380 412
e 381 801
e 383 626
e 384 760
e 385 621
e 386 937
e 387 680
e 388 820
e 389 926
e 390 643
e 391 683
e 392 656
e 393 818
e 394 870
e 395 647
e 396 747
e 397 427
e 398 849
e 399 658
e 401 864
e 404 823
e 405 775
e 406 435
e 407 480
e 408 743
e 409 438
e 410 754
e 411 778
e 413 846
e 415 863
e 417 450
e 418 476
e 419 722
e 420 798
e 421 881
e 422 915
e 423 914
e 424 837
e 425 869
e 426 814
e 427 745
e 428 443
e 429 738
e 430 953
e 431 702
e 432 1000
e 433 483
e 435 955
e 436 468
e 437 986
e 438 873
e 439 773
e 442 742
e 443 795
e 444 797
e 445 468
e 446 982
e 447 998
e 448 875
e 449 728
e 450 463
e 451 753
e 452 980
e 453 454
e 454 813
e 455 858
e 456 779
e 457 484
e 458 948
e 460 782
e 461 960
e 462 968
e 463 471
e 464 902
e 465 861
e 466 874
e 468 860
e 469 915
e 470 506
e 471 822
e 472 809
e 473 987
e 474 865
e 475 811
e 476 497
e 477 914
e 478 857
e 479 810
e 480 980
e 481 917
e 482 887
e 483 957
e 485 932
e 486 966
e 487 493
e 488 995
e 489 911
e 490 984
e 491 851
e 492 899
e 493 965
e 494 875
e 495 892
e 496 990
e 497 896
e 498 930
e 499 958
e 500 507
e 501 995
e 502 906
e 503 939
e 504 954
e 505 962
e 506 970
e 507 999
e 508 992
e 509 993
e 510 991
n 1 5
n 10 2
n 14 3
n 25 4
n 28 10
n 31 3
n 35 7
n 49 6
n 50 6
n 55 2
n 59 1
n 62 8
n 65 9
n 77 1
n 79 9
n 83 10
n 85 4
n 89 1
n 117 8
n 119 4
n 122 4
n 128 10
n 145 3
n 152 5
n 156 4
n 159 6
n 166 1
n 169 7
n 173 1
n 174 5
n 175 8
n 179 9
n 180 8
n 192 9
n 197 8
n 199 10
n 203 4
n 209 6
n 215 4
n 216 2
n 217 2
n 220 7
n 227 3
n 230 2
n 243 6
n 251 10
n 253 4
n 263 10
n 264 5
n 266 4
n 268 1
n 270 2
n 273 5
n 274 5
n 278 8
n 279 7
n 286 2
n 296 2
n 299 9
n 301 7
n 303 4
n 304 3
n 306 4
n 311 4
n 314 6
n 323 3
n 330 5
n 331 7
n 334 8
n 344 4
n 351 7
n 353 5
n 354 1
n 356 8
n 366 7
n 367 8
n 379 3
n 383 7
n 396 9
n 401 10
n 407 9
n 410 2
n 411 10
n 413 8
n 415 6
n 420 3
n 437 5
n 441 4
n 453 8
n 465 1
n 476 9
n 479 4
n 491 10
n 499 4
n 501 6
n 506 4
n 509 8
n 510 9
n 511 5
n 513 9
n 515 1
n 522 10
n 533 8
n 537 2
n 541 1
n 543 2
n 545 2
n 559 8
n 575 8
n 579 9
n 587 6
n 590 1
n 592 1
n 604 4
n 608 5
n 616 10
n 621 6
n 628 8
n 638 3
n 643 4
n 649 10
n 655 3
n 658 5
n 663 7
n 666 1
n 667 6
n 675 3
n 676 4
n 683 3
n 684 10
n 686 7
n 689 1
n 691 5
n 692 2
n 704 8
n 706 3
n 709 3
n 724 6
n 738 4
n 739 8
n 742 6
n 744 7
n 747 5
n 755 4
n 764 4
n 765 4
n 768 1
n 774 7
n 776 5
n 778 2
n 779 3
n 786 2
n 787 1
n 789 5
n 790 2
n 791 3
n 795 3
n 799 1
n 804 9
n 805 4
n 811 10
n 819 3
n 822 9
n 831 3
n 835 6
n 845 4
n 850 9
n 856 9
n 858 9
n 862 6
n 865 6
n 866 8
n 875 10
n 877 5
n 880 8
n 883 1
n 892 6
n 895 4
n 898 9
n 899 4
n 904 1
n 905 6
n 923 8
n 932 3
n 934 5
n 939 10
n 944 1
n 947 8
n 951 9
n 952 9
n 958 7
n 964 2
n 965 2
n 966 2
n 970 1
n 977 10
n 983 3
n 992 6
n 998 1
n 999 6
