random,1000,10,0.05,591,1.023975,0,990,989,990,990,990,991,991,990,990,990,990,990
random,1000,10,0.05,591,2.025972,0,916,801,916,916,916,916,919,919,919,919,919,919
random,1000,10,0.05,591,4.073922,0,822,783,822,822,822,822,822,822,822,822,822,822
random,1000,10,0.05,591,3.053943,0,851,735,851,851,851,851,851,853,853,853,853,853
random,1000,10,0.05,591,6.181812,0,749,744,749,749,749,749,749,749,749,749,749,749
random,1000,10,0.05,591,5.147847,0,783,756,783,783,783,783,783,783,783,783,783,783
random,1000,10,0.05,591,7.103889000000001,0,720,713,720,720,720,720,720,720,720,720,720,720
random,1000,10,0.05,591,8.159832,0,697,636,697,697,697,697,697,697,697,697,697,697
random,1000,10,0.05,591,9.161829000000001,0,665,665,665,665,665,665,665,665,665,665,665,665
random,1000,10,0.05,591,10.161828,0,628,621,628,628,628,628,628,628,628,628,628,628
random,1000,10,0.05,591,11.157831,0,613,606,613,613,613,613,613,613,613,613,613,613
random,1000,10,0.05,591,13.229757,0,568,566,568,568,568,568,568,568,568,568,568,568
random,1000,10,0.05,591,12.243744,0,577,577,577,577,577,577,577,577,577,577,577,577
random,1000,10,0.05,591,14.097888,0,542,528,542,542,542,542,542,542,542,542,542,542
random,1000,10,0.05,591,16.00398,0,500,500,500,500,500,500,500,500,500,500,500,500
random,1000,10,0.05,591,15.061923,0,518,510,518,518,518,518,518,518,518,518,518,518
random,1000,10,0.05,591,17.061921,0,482,479,482,482,482,482,482,482,482,482,482,482
random,1000,10,0.05,591,18.065915999999998,0,455,444,455,455,455,455,455,455,455,455,455,455
random,1000,10,0.05,591,19.983996,0,423,423,423,423,423,423,423,423,423,423,423,423
random,1000,10,0.05,591,19.045935,0,441,432,441,441,441,441,441,441,441,441,441,441
random,1000,10,0.05,591,20.944035,0,419,417,419,419,419,419,419,419,419,419,419,419
scale,1000,10,0.05,591,1.998,0,924,929,944,941,943,943,944,932,932,932,932,932
scale,1000,10,0.05,591,3.9940019999999996,0,805,718,805,805,805,806,805,806,806,806,806,806
random,1000,10,0.05,591,21.870108,0,401,395,401,401,401,401,401,401,401,401,401,401
random,1000,10,0.05,591,22.938039,0,374,374,374,374,374,374,374,374,374,374,374,374
random,1000,10,0.05,591,23.979996,0,365,365,365,365,365,365,365,365,365,365,365,365
scale,1000,10,0.05,591,5.988006,0,788,236,788,788,788,788,788,788,788,788,788,788
random,1000,10,0.05,591,25.025949,0,330,325,330,330,330,330,330,330,330,330,330,330
scale,1000,10,0.05,591,7.980012,0,688,681,688,688,688,688,688,688,688,688,688,688
scale,1000,10,0.05,591,9.97002,0,619,606,619,619,619,619,619,619,619,619,619,619
scale,1000,10,0.05,591,11.958029999999999,0,656,656,656,656,656,656,656,656,656,656,656,656
scale,1000,10,0.05,591,13.944042,0,591,576,591,591,591,591,591,591,591,591,591,591
scale,1000,10,0.05,591,15.928056,0,524,471,524,524,524,524,524,524,524,524,524,524
scale,1000,10,0.05,591,17.910072,0,453,400,453,453,453,453,453,453,453,453,453,453
scale,1000,10,0.05,591,19.89009,0,553,507,553,553,553,553,553,553,553,553,553,553
random,1000,10,0.05,8412,0.9900089999999999,0,982,987,987,987,987,987,987,987,987,987,987,987
random,1000,10,0.05,8412,1.9620360000000001,0,914,842,914,914,914,914,914,914,914,914,914,914
scale,1000,10,0.05,591,21.86811,0,448,448,448,448,448,448,448,448,448,448,448,448
random,1000,10,0.05,8412,2.948049,0,869,678,869,869,869,869,869,870,870,870,870,870
random,1000,10,0.05,8412,3.97602,0,832,432,832,832,832,832,832,832,832,832,832,832
scale,1000,10,0.05,591,23.844132000000002,0,493,493,493,493,493,493,493,493,493,493,493,493
random,1000,10,0.05,8412,5.043951,0,793,779,793,793,793,793,793,793,793,793,793,793
random,1000,10,0.05,8412,6.07392,0,760,745,760,760,760,760,760,760,760,760,760,760
random,1000,10,0.05,8412,7.081911,0,733,659,733,733,733,733,733,733,733,733,733,733
random,1000,10,0.05,8412,8.103888,0,697,616,697,697,697,697,697,697,697,697,697,697
random,1000,10,0.05,8412,9.085905,0,662,548,662,662,662,662,662,662,662,662,662,662
random,1000,10,0.05,8412,10.043946,0,642,626,642,642,642,642,642,642,642,642,642,642
random,1000,10,0.05,8412,11.069919,0,620,620,620,620,620,620,620,620,620,620,620,620
random,1000,10,0.05,8412,12.081906,0,570,561,570,570,570,570,570,570,570,570,570,570
random,1000,10,0.05,8412,13.107879,0,565,565,565,565,565,565,565,565,565,565,565,565
random,1000,10,0.05,8412,14.167818,0,527,117,527,527,527,527,527,527,527,527,527,527
random,1000,10,0.05,8412,16.225758,0,492,492,492,492,492,492,492,492,492,492,492,492
random,1000,10,0.05,8412,15.139845,0,531,483,531,531,531,531,531,531,531,531,531,531
random,1000,10,0.05,8412,17.265717,0,492,346,492,492,492,492,492,492,492,492,492,492
random,1000,10,0.05,8412,18.361620000000002,0,454,423,454,454,454,454,454,454,454,454,454,454
random,1000,10,0.05,8412,19.295685,0,432,414,432,432,432,432,432,432,432,432,432,432
random,1000,10,0.05,8412,20.257722,0,417,387,417,417,417,417,417,417,417,417,417,417
random,1000,10,0.05,8412,21.293685,0,400,367,400,400,400,400,400,400,400,400,400,400
scale,1000,10,0.05,8412,1.998,0,922,936,945,947,944,947,949,938,938,938,938,938
random,1000,10,0.05,8412,22.251725999999998,0,385,382,385,385,385,385,385,385,385,385,385,385
random,1000,10,0.05,8412,23.281695,0,364,364,364,364,364,364,364,364,364,364,364,364
random,1000,10,0.05,8412,24.279695999999998,0,341,324,341,341,341,341,341,341,341,341,341,341
random,1000,10,0.05,8412,25.297676999999997,0,358,323,358,358,358,358,358,358,358,358,358,358
scale,1000,10,0.05,8412,3.9940019999999996,0,837,594,837,837,837,837,837,839,839,839,839,839
scale,1000,10,0.05,8412,5.988006,0,739,737,739,739,739,739,739,739,739,739,739,739
scale,1000,10,0.05,8412,7.980012,0,699,473,699,699,699,699,699,699,699,699,699,699
scale,1000,10,0.05,8412,9.97002,0,685,541,685,685,685,685,685,685,685,685,685,685
scale,1000,10,0.05,8412,11.958029999999999,0,621,608,621,621,621,621,621,621,621,621,621,621
scale,1000,10,0.05,8412,13.944042,0,625,585,625,625,625,625,625,625,625,625,625,625
scale,1000,10,0.05,8412,15.928056,0,507,482,507,507,507,507,507,507,507,507,507,507
scale,1000,10,0.05,8412,17.910072,0,541,442,541,541,541,541,541,541,541,541,541,541
scale,1000,10,0.05,8412,19.89009,0,496,453,496,496,496,496,496,496,496,496,496,496
random,1000,10,0.05,2107,1.0139850000000001,0,992,993,995,995,995,995,995,994,994,994,994,994
scale,1000,10,0.05,8412,21.86811,0,449,431,449,449,449,449,449,449,449,449,449,449
scale,1000,10,0.05,8412,23.844132000000002,0,414,411,414,414,414,414,414,414,414,414,414,414
random,1000,10,0.05,2107,1.9940039999999999,0,915,789,915,915,915,917,917,917,917,917,917,917
random,1000,10,0.05,2107,3.035961,0,866,630,866,866,866,866,866,866,866,866,866,866
random,1000,10,0.05,2107,4.03596,0,820,751,820,820,820,820,820,820,820,820,820,820
random,1000,10,0.05,2107,4.9920029999999995,0,795,721,795,795,795,795,795,795,795,795,795,795
random,1000,10,0.05,2107,6.03396,0,748,675,748,748,748,748,748,748,748,748,748,748
random,1000,10,0.05,2107,7.087905,0,717,569,717,717,717,717,717,717,717,717,717,717
random,1000,10,0.05,2107,8.077914,0,684,560,684,684,684,684,684,684,684,684,684,684
random,1000,10,0.05,2107,10.02996,0,634,358,634,634,634,634,634,634,634,634,634,634
random,1000,10,0.05,2107,9.065925,0,664,473,664,664,664,664,664,664,664,664,664,664
random,1000,10,0.05,2107,10.991997000000001,0,619,600,619,619,619,619,619,619,619,619,619,619
random,1000,10,0.05,2107,11.972016,0,589,489,589,589,589,589,589,589,589,589,589,589
random,1000,10,0.05,2107,13.017968999999999,0,562,558,562,562,562,562,562,562,562,562,562,562
random,1000,10,0.05,2107,14.019966,0,544,398,544,544,544,544,544,544,544,544,544,544
random,1000,10,0.05,2107,15.067917,0,521,286,521,521,521,521,521,521,521,521,521,521
random,1000,10,0.05,2107,16.01397,0,494,480,494,494,494,494,494,494,494,494,494,494
random,1000,10,0.05,2107,17.039943,0,492,485,492,492,492,492,492,492,492,492,492,492
random,1000,10,0.05,2107,18.035946,0,474,465,474,474,474,474,474,474,474,474,474,474
random,1000,10,0.05,2107,18.946035,0,442,436,442,442,442,442,442,442,442,442,442,442
random,1000,10,0.05,2107,19.938042,0,421,412,421,421,421,421,421,421,421,421,421,421
random,1000,10,0.05,2107,20.950029,0,392,373,392,392,392,392,392,392,392,392,392,392
random,1000,10,0.05,2107,22.019958,0,377,212,377,377,377,377,377,377,377,377,377,377
random,1000,10,0.05,2107,22.987989,0,381,361,381,381,381,381,381,381,381,381,381,381
random,1000,10,0.05,2107,24.031944,0,345,155,345,345,345,345,345,345,345,345,345,345
scale,1000,10,0.05,2107,1.998,0,923,947,947,947,947,947,947,947,947,947,947,947
random,1000,10,0.05,2107,25.029945,0,339,319,339,339,339,339,339,339,339,339,339,339
scale,1000,10,0.05,2107,3.9940019999999996,0,860,856,860,860,860,860,860,860,860,860,860,860
scale,1000,10,0.05,2107,5.988006,0,805,800,805,805,805,805,805,805,805,805,805,805
scale,1000,10,0.05,2107,7.980012,0,715,664,715,715,715,715,715,715,715,715,715,715
scale,1000,10,0.05,2107,9.97002,0,654,632,654,654,654,654,654,654,654,654,654,654
scale,1000,10,0.05,2107,11.958029999999999,0,636,619,636,636,636,636,636,636,636,636,636,636
scale,1000,10,0.05,2107,13.944042,0,529,510,529,529,529,529,529,529,529,529,529,529
scale,1000,10,0.05,2107,15.928056,0,507,500,507,507,507,507,507,507,507,507,507,507
scale,1000,10,0.05,2107,17.910072,0,606,538,606,606,606,606,606,606,606,606,606,606
scale,1000,10,0.05,2107,19.89009,0,478,429,478,478,478,478,478,478,478,478,478,478
random,1000,10,0.05,959,0.992007,0,985,987,987,987,987,987,987,987,987,987,987,987
scale,1000,10,0.05,2107,21.86811,0,540,540,540,540,540,540,540,540,540,540,540,540
scale,1000,10,0.05,2107,23.844132000000002,0,510,510,510,510,510,510,510,510,510,510,510,510
random,1000,10,0.05,959,2.0739240000000003,0,908,863,908,908,908,908,908,910,910,910,910,910
random,1000,10,0.05,959,3.051945,0,860,635,860,860,860,860,860,861,861,861,861,861
random,1000,10,0.05,959,4.0559400000000005,0,824,695,824,824,824,824,824,824,824,824,824,824
random,1000,10,0.05,959,5.009985,0,792,604,792,792,792,792,792,792,792,792,792,792
random,1000,10,0.05,959,5.926068,0,759,719,759,759,759,759,759,759,759,759,759,759
random,1000,10,0.05,959,6.934059,0,734,664,734,734,734,734,734,734,734,734,734,734
random,1000,10,0.05,959,7.95204,0,699,678,699,699,699,699,699,699,699,699,699,699
random,1000,10,0.05,959,8.968023,0,672,670,672,672,672,672,672,672,672,672,672,672
random,1000,10,0.05,959,10.015974,0,646,552,646,646,646,646,646,646,646,646,646,646
random,1000,10,0.05,959,10.989999000000001,0,620,200,620,620,620,620,620,620,620,620,620,620
random,1000,10,0.05,959,12.025962,0,589,568,589,589,589,589,589,589,589,589,589,589
random,1000,10,0.05,959,12.976011,0,567,535,567,567,567,567,567,567,567,567,567,567
random,1000,10,0.05,959,13.948038,0,540,511,540,540,540,540,540,540,540,540,540,540
random,1000,10,0.05,959,14.987997,0,531,480,531,531,531,531,531,531,531,531,531,531
random,1000,10,0.05,959,15.99399,0,497,340,497,497,497,497,497,497,497,497,497,497
random,1000,10,0.05,959,16.970012999999998,0,484,455,484,484,484,484,484,484,484,484,484,484
random,1000,10,0.05,959,17.902079999999998,0,456,404,456,456,456,456,456,456,456,456,456,456
random,1000,10,0.05,959,18.896085000000003,0,437,386,437,437,437,437,437,437,437,437,437,437
random,1000,10,0.05,959,19.894086,0,430,387,430,430,430,430,430,430,430,430,430,430
random,1000,10,0.05,959,20.900078999999998,0,402,374,402,402,402,402,402,402,402,402,402,402
random,1000,10,0.05,959,21.83814,0,393,374,393,393,393,393,393,393,393,393,393,393
random,1000,10,0.05,959,22.828149,0,378,333,378,378,378,378,378,378,378,378,378,378
random,1000,10,0.05,959,23.776200000000003,0,373,342,373,373,373,373,373,373,373,373,373,373
scale,1000,10,0.05,959,1.998,0,924,943,949,948,950,947,951,943,943,943,943,943
random,1000,10,0.05,959,24.742233000000002,0,366,335,366,366,366,366,366,366,366,366,366,366
scale,1000,10,0.05,959,3.9940019999999996,0,838,718,838,838,838,838,838,838,838,838,838,838
scale,1000,10,0.05,959,5.988006,0,777,556,777,777,777,777,777,777,777,777,777,777
scale,1000,10,0.05,959,7.980012,0,696,674,696,696,696,696,696,696,696,696,696,696
scale,1000,10,0.05,959,9.97002,0,725,723,725,725,725,725,725,725,725,725,725,725
scale,1000,10,0.05,959,11.958029999999999,0,645,645,645,645,645,645,645,645,645,645,645,645
scale,1000,10,0.05,959,13.944042,0,583,60,583,583,583,583,583,583,583,583,583,583
scale,1000,10,0.05,959,15.928056,0,521,304,521,521,521,521,521,521,521,521,521,521
scale,1000,10,0.05,959,17.910072,0,522,501,522,522,522,522,522,522,522,522,522,522
scale,1000,10,0.05,959,19.89009,0,525,471,525,525,525,525,525,525,525,525,525,525
scale,1000,10,0.05,959,21.86811,0,396,158,396,396,396,396,396,396,396,396,396,396
random,1000,10,0.05,3521,0.984015,0,987,989,991,991,991,991,991,990,990,990,990,990
scale,1000,10,0.05,959,23.844132000000002,0,377,376,377,377,377,377,377,377,377,377,377,377
random,1000,10,0.05,3521,2.003994,0,886,788,886,886,886,886,887,887,887,887,887,887
random,1000,10,0.05,3521,3.021975,0,832,563,832,832,832,832,832,833,833,833,833,833
random,1000,10,0.05,3521,4.039956,0,789,599,789,789,789,789,789,789,789,789,789,789
random,1000,10,0.05,3521,5.077917,0,759,432,759,759,759,759,759,759,759,759,759,759
random,1000,10,0.05,3521,6.087905999999999,0,716,513,716,716,716,716,716,716,716,716,716,716
random,1000,10,0.05,3521,7.151841,0,681,666,681,681,681,681,681,681,681,681,681,681
random,1000,10,0.05,3521,8.113878000000001,0,664,579,664,664,664,664,664,664,664,664,664,664
random,1000,10,0.05,3521,9.073917000000002,0,630,161,630,630,630,630,630,630,630,630,630,630
random,1000,10,0.05,3521,10.047941999999999,0,592,222,592,592,592,592,592,592,592,592,592,592
random,1000,10,0.05,3521,11.135853000000001,0,571,553,571,571,571,571,571,571,571,571,571,571
random,1000,10,0.05,3521,12.143844,0,542,148,542,542,542,542,542,542,542,542,542,542
random,1000,10,0.05,3521,13.143843,0,508,493,508,508,508,508,508,508,508,508,508,508
random,1000,10,0.05,3521,14.219766,0,491,359,491,491,491,491,491,491,491,491,491,491
random,1000,10,0.05,3521,15.217767,0,451,98,451,451,451,451,451,451,451,451,451,451
random,1000,10,0.05,3521,16.207776,0,446,308,446,446,446,446,446,446,446,446,446,446
random,1000,10,0.05,3521,17.225757,0,438,422,438,438,438,438,438,438,438,438,438,438
random,1000,10,0.05,3521,18.20178,0,424,424,424,424,424,424,424,424,424,424,424,424
random,1000,10,0.05,3521,19.225755000000003,0,397,397,397,397,397,397,397,397,397,397,397,397
random,1000,10,0.05,3521,20.259719999999998,0,362,181,362,362,362,362,362,362,362,362,362,362
random,1000,10,0.05,3521,21.309669,0,357,186,357,357,357,357,357,357,357,357,357,357
random,1000,10,0.05,3521,22.257720000000003,0,353,333,353,353,353,353,353,353,353,353,353,353
random,1000,10,0.05,3521,23.219757,0,329,329,329,329,329,329,329,329,329,329,329,329
random,1000,10,0.05,3521,24.259716,0,329,320,329,329,329,329,329,329,329,329,329,329
scale,1000,10,0.05,3521,1.998,0,921,941,943,944,945,947,943,941,941,941,941,941
random,1000,10,0.05,3521,25.201773,0,312,295,312,312,312,312,312,312,312,312,312,312
scale,1000,10,0.05,3521,3.9940019999999996,0,866,635,866,866,866,866,866,866,866,866,866,866
scale,1000,10,0.05,3521,5.988006,0,786,739,786,786,786,786,786,786,786,786,786,786
scale,1000,10,0.05,3521,7.980012,0,687,632,687,687,687,687,687,687,687,687,687,687
scale,1000,10,0.05,3521,9.97002,0,629,464,629,629,629,629,629,629,629,629,629,629
scale,1000,10,0.05,3521,11.958029999999999,0,684,684,684,684,684,684,684,684,684,684,684,684
scale,1000,10,0.05,3521,13.944042,0,606,578,606,606,606,606,606,606,606,606,606,606
scale,1000,10,0.05,3521,15.928056,0,577,565,577,577,577,577,577,577,577,577,577,577
scale,1000,10,0.05,3521,17.910072,0,471,452,471,471,471,471,471,471,471,471,471,471
scale,1000,10,0.05,3521,19.89009,0,417,369,417,417,417,417,417,417,417,417,417,417
scale,1000,10,0.05,3521,21.86811,0,474,474,474,474,474,474,474,474,474,474,474,474
random,1000,10,0.15,591,1.023975,0,932,946,951,949,951,951,950,947,947,947,947,947
random,1000,10,0.15,591,2.025972,0,767,723,767,767,767,767,772,775,775,775,775,775
scale,1000,10,0.05,3521,23.844132000000002,0,423,397,423,423,423,423,423,423,423,423,423,423
random,1000,10,0.15,591,3.053943,0,626,467,626,626,626,626,626,632,632,632,632,632
random,1000,10,0.15,591,4.073922,0,536,405,536,536,536,536,536,538,538,538,538,538
random,1000,10,0.15,591,5.147847,0,478,310,478,478,478,478,478,479,479,479,479,479
random,1000,10,0.15,591,6.181812,0,418,210,418,418,418,418,418,418,418,418,418,418
random,1000,10,0.15,591,7.103889000000001,0,364,273,364,364,364,364,364,364,364,364,364,364
random,1000,10,0.15,591,8.159832,0,317,96,317,317,317,317,317,317,317,317,317,317
random,1000,10,0.15,591,9.161829000000001,0,304,95,304,304,304,304,304,304,304,304,304,304
random,1000,10,0.15,591,10.161828,0,270,105,270,270,270,270,270,270,270,270,270,270
random,1000,10,0.15,591,11.157831,0,232,140,232,232,232,232,232,232,232,232,232,232
random,1000,10,0.15,591,12.243744,0,185,47,185,185,185,185,185,185,185,185,185,185
random,1000,10,0.15,591,13.229757,0,177,104,177,177,177,177,177,177,177,177,177,177
random,1000,10,0.15,591,14.097888,0,164,82,164,164,164,164,164,164,164,164,164,164
random,1000,10,0.15,591,15.061923,0,131,35,131,131,131,131,131,131,131,131,131,131
random,1000,10,0.15,591,16.00398,0,116,57,116,116,116,116,116,116,116,116,116,116
random,1000,10,0.15,591,17.061921,0,93,31,93,93,93,93,93,93,93,93,93,93
random,1000,10,0.15,591,18.065915999999998,0,94,94,94,94,94,94,94,94,94,94,94,94
random,1000,10,0.15,591,19.045935,0,74,22,74,74,74,74,74,74,74,74,74,74
random,1000,10,0.15,591,19.983996,0,62,30,62,62,62,62,62,62,62,62,62,62
random,1000,10,0.15,591,20.944035,0,73,40,73,73,73,73,73,73,73,73,73,73
random,1000,10,0.15,591,21.870108,0,61,34,61,61,61,61,61,61,61,61,61,61
random,1000,10,0.15,591,22.938039,0,50,11,50,50,50,50,50,50,50,50,50,50
random,1000,10,0.15,591,23.979996,0,52,39,52,52,52,52,52,52,52,52,52,52
random,1000,10,0.15,591,25.025949,0,36,36,36,36,36,36,36,36,36,36,36,36
scale,1000,10,0.15,591,1.998,0,799,840,845,847,851,848,854,842,842,842,842,842
scale,1000,10,0.15,591,3.9940019999999996,0,533,325,533,533,533,533,533,539,539,539,539,539
scale,1000,10,0.15,591,5.988006,0,517,239,517,517,517,517,517,517,517,517,517,517
scale,1000,10,0.15,591,7.980012,0,351,105,351,351,351,351,351,351,351,351,351,351
scale,1000,10,0.15,591,9.97002,0,267,65,267,267,267,267,267,267,267,267,267,267
scale,1000,10,0.15,591,11.958029999999999,0,248,69,248,248,248,248,248,248,248,248,248,248
scale,1000,10,0.15,591,13.944042,0,228,144,228,228,228,228,228,228,228,228,228,228
scale,1000,10,0.15,591,15.928056,0,170,45,170,170,170,170,170,170,170,170,170,170
scale,1000,10,0.15,591,17.910072,0,117,79,117,117,117,117,117,117,117,117,117,117
scale,1000,10,0.15,591,19.89009,0,117,106,117,117,117,117,117,117,117,117,117,117
scale,1000,10,0.15,591,21.86811,0,137,20,137,137,137,137,137,137,137,137,137,137
scale,1000,10,0.15,591,23.844132000000002,0,116,110,116,116,116,116,116,116,116,116,116,116
random,1000,10,0.15,8412,0.9900089999999999,0,925,940,945,947,943,943,946,943,943,943,943,943
random,1000,10,0.15,8412,1.9620360000000001,0,766,727,766,766,769,769,766,771,771,771,771,771
random,1000,10,0.15,8412,2.948049,0,631,513,631,631,631,631,631,638,638,638,638,638
random,1000,10,0.15,8412,3.97602,0,558,334,558,558,558,558,558,559,559,559,559,559
random,1000,10,0.15,8412,5.043951,0,474,254,474,474,474,474,474,476,476,476,476,476
random,1000,10,0.15,8412,6.07392,0,406,174,406,406,406,406,406,409,409,409,409,409
random,1000,10,0.15,8412,8.103888,0,298,174,298,298,298,298,298,299,299,299,299,299
random,1000,10,0.15,8412,7.081911,0,345,159,345,345,345,345,345,346,346,346,346,346
random,1000,10,0.15,8412,9.085905,0,259,128,259,259,259,259,259,259,259,259,259,259
random,1000,10,0.15,8412,10.043946,0,237,224,237,237,237,237,237,237,237,237,237,237
random,1000,10,0.15,8412,11.069919,0,211,54,211,211,211,211,211,211,211,211,211,211
random,1000,10,0.15,8412,12.081906,0,178,108,178,178,178,178,178,178,178,178,178,178
random,1000,10,0.15,8412,13.107879,0,164,98,164,164,164,164,164,164,164,164,164,164
random,1000,10,0.15,8412,15.139845,0,120,73,120,120,120,120,120,120,120,120,120,120
random,1000,10,0.15,8412,14.167818,0,132,33,132,132,132,132,132,132,132,132,132,132
random,1000,10,0.15,8412,16.225758,0,107,76,107,107,107,107,107,107,107,107,107,107
random,1000,10,0.15,8412,17.265717,0,90,63,90,90,90,90,90,90,90,90,90,90
random,1000,10,0.15,8412,18.361620000000002,0,83,16,83,83,83,83,83,83,83,83,83,83
random,1000,10,0.15,8412,19.295685,0,66,62,66,66,66,66,66,66,66,66,66,66
random,1000,10,0.15,8412,20.257722,0,64,57,64,64,64,64,64,64,64,64,64,64
random,1000,10,0.15,8412,22.251725999999998,0,52,49,52,52,52,52,52,52,52,52,52,52
random,1000,10,0.15,8412,21.293685,0,55,41,55,55,55,55,55,55,55,55,55,55
random,1000,10,0.15,8412,23.281695,0,50,13,50,50,50,50,50,50,50,50,50,50
random,1000,10,0.15,8412,24.279695999999998,0,42,23,42,42,42,42,42,42,42,42,42,42
random,1000,10,0.15,8412,25.297676999999997,0,35,11,35,35,35,35,35,35,35,35,35,35
scale,1000,10,0.15,8412,1.998,0,789,847,847,850,849,854,852,849,849,849,849,849
scale,1000,10,0.15,8412,3.9940019999999996,0,559,315,559,559,559,559,559,566,566,566,566,566
scale,1000,10,0.15,8412,5.988006,0,440,159,440,440,440,440,440,441,441,441,441,441
scale,1000,10,0.15,8412,7.980012,0,361,154,361,361,361,361,361,361,361,361,361,361
scale,1000,10,0.15,8412,9.97002,0,300,69,300,300,300,300,300,300,300,300,300,300
scale,1000,10,0.15,8412,11.958029999999999,0,264,75,264,264,264,264,264,264,264,264,264,264
scale,1000,10,0.15,8412,13.944042,0,260,38,260,260,260,260,260,260,260,260,260,260
scale,1000,10,0.15,8412,15.928056,0,159,90,159,159,159,159,159,159,159,159,159,159
scale,1000,10,0.15,8412,17.910072,0,163,95,163,163,163,163,163,163,163,163,163,163
scale,1000,10,0.15,8412,19.89009,0,123,61,123,123,123,123,123,123,123,123,123,123
scale,1000,10,0.15,8412,21.86811,0,93,85,93,93,93,93,93,93,93,93,93,93
scale,1000,10,0.15,8412,23.844132000000002,0,69,14,69,69,69,69,69,69,69,69,69,69
random,1000,10,0.15,2107,1.0139850000000001,0,943,955,957,958,958,958,957,955,955,955,955,955
random,1000,10,0.15,2107,1.9940039999999999,0,755,715,755,755,762,760,762,763,763,763,763,763
random,1000,10,0.15,2107,3.035961,0,624,459,624,624,624,624,624,630,630,630,630,630
random,1000,10,0.15,2107,4.03596,0,529,391,529,529,529,529,529,533,533,533,533,533
random,1000,10,0.15,2107,4.9920029999999995,0,487,256,487,487,487,487,487,487,487,487,487,487
random,1000,10,0.15,2107,6.03396,0,416,162,416,416,416,416,416,416,416,416,416,416
random,1000,10,0.15,2107,7.087905,0,362,173,362,362,362,362,362,362,362,362,362,362
random,1000,10,0.15,2107,8.077914,0,311,197,311,311,311,311,311,311,311,311,311,311
random,1000,10,0.15,2107,9.065925,0,288,115,288,288,288,288,288,289,289,289,289,289
random,1000,10,0.15,2107,10.02996,0,244,151,244,244,244,244,244,244,244,244,244,244
random,1000,10,0.15,2107,10.991997000000001,0,214,163,214,214,214,214,214,214,214,214,214,214
random,1000,10,0.15,2107,11.972016,0,190,45,190,190,190,190,190,190,190,190,190,190
random,1000,10,0.15,2107,13.017968999999999,0,156,104,156,156,156,156,156,156,156,156,156,156
random,1000,10,0.15,2107,14.019966,0,154,114,154,154,154,154,154,154,154,154,154,154
random,1000,10,0.15,2107,15.067917,0,129,31,129,129,129,129,129,129,129,129,129,129
random,1000,10,0.15,2107,16.01397,0,126,62,126,126,126,126,126,126,126,126,126,126
random,1000,10,0.15,2107,17.039943,0,100,57,100,100,100,100,100,100,100,100,100,100
random,1000,10,0.15,2107,18.035946,0,81,30,81,81,81,81,81,81,81,81,81,81
random,1000,10,0.15,2107,18.946035,0,77,52,77,77,77,77,77,77,77,77,77,77
random,1000,10,0.15,2107,19.938042,0,78,65,78,78,78,78,78,78,78,78,78,78
random,1000,10,0.15,2107,20.950029,0,60,58,60,60,60,60,60,60,60,60,60,60
random,1000,10,0.15,2107,22.019958,0,57,16,57,57,57,57,57,57,57,57,57,57
random,1000,10,0.15,2107,22.987989,0,49,14,49,49,49,49,49,49,49,49,49,49
random,1000,10,0.15,2107,24.031944,0,43,19,43,43,43,43,43,43,43,43,43,43
random,1000,10,0.15,2107,25.029945,0,44,43,44,44,44,44,44,44,44,44,44,44
scale,1000,10,0.15,2107,1.998,0,793,844,844,855,850,856,852,845,845,845,845,845
scale,1000,10,0.15,2107,3.9940019999999996,0,587,311,587,587,587,587,587,591,591,591,591,591
scale,1000,10,0.15,2107,5.988006,0,471,164,471,471,471,471,471,471,471,471,471,471
scale,1000,10,0.15,2107,7.980012,0,384,143,384,384,384,384,384,384,384,384,384,384
scale,1000,10,0.15,2107,9.97002,0,300,147,300,300,300,300,300,300,300,300,300,300
scale,1000,10,0.15,2107,11.958029999999999,0,264,47,264,264,264,264,264,264,264,264,264,264
scale,1000,10,0.15,2107,13.944042,0,201,55,201,201,201,201,201,201,201,201,201,201
scale,1000,10,0.15,2107,15.928056,0,149,60,149,149,149,149,149,149,149,149,149,149
scale,1000,10,0.15,2107,17.910072,0,197,170,197,197,197,197,197,197,197,197,197,197
scale,1000,10,0.15,2107,19.89009,0,141,20,141,141,141,141,141,141,141,141,141,141
scale,1000,10,0.15,2107,21.86811,0,107,39,107,107,107,107,107,107,107,107,107,107
random,1000,10,0.15,959,0.992007,0,913,934,936,938,938,936,937,935,935,935,935,935
scale,1000,10,0.15,2107,23.844132000000002,0,110,21,110,110,110,110,110,110,110,110,110,110
random,1000,10,0.15,959,2.0739240000000003,0,719,693,719,719,720,732,725,736,737,737,737,738
random,1000,10,0.15,959,3.051945,0,607,435,607,607,607,607,607,612,612,612,612,612
random,1000,10,0.15,959,4.0559400000000005,0,508,308,508,508,508,508,508,515,515,515,515,515
random,1000,10,0.15,959,5.009985,0,456,350,456,456,456,456,456,456,456,456,456,456
random,1000,10,0.15,959,5.926068,0,408,319,408,408,408,408,408,409,409,409,409,409
random,1000,10,0.15,959,6.934059,0,349,121,349,349,349,349,349,350,350,350,350,350
random,1000,10,0.15,959,7.95204,0,290,212,290,290,290,290,290,290,290,290,290,290
random,1000,10,0.15,959,8.968023,0,269,100,269,269,269,269,269,269,269,269,269,269
random,1000,10,0.15,959,10.015974,0,235,147,235,235,235,235,235,235,235,235,235,235
random,1000,10,0.15,959,10.989999000000001,0,211,82,211,211,211,211,211,211,211,211,211,211
random,1000,10,0.15,959,12.025962,0,176,55,176,176,176,176,176,176,176,176,176,176
random,1000,10,0.15,959,12.976011,0,157,82,157,157,157,157,157,157,157,157,157,157
random,1000,10,0.15,959,13.948038,0,143,135,143,143,143,143,143,143,143,143,143,143
random,1000,10,0.15,959,14.987997,0,120,40,120,120,120,120,120,120,120,120,120,120
random,1000,10,0.15,959,15.99399,0,109,109,109,109,109,109,109,109,109,109,109,109
random,1000,10,0.15,959,16.970012999999998,0,92,74,92,92,92,92,92,92,92,92,92,92
random,1000,10,0.15,959,17.902079999999998,0,85,23,85,85,85,85,85,85,85,85,85,85
random,1000,10,0.15,959,18.896085000000003,0,71,25,71,71,71,71,71,71,71,71,71,71
random,1000,10,0.15,959,19.894086,0,55,29,55,55,55,55,55,55,55,55,55,55
random,1000,10,0.15,959,20.900078999999998,0,59,46,59,59,59,59,59,59,59,59,59,59
random,1000,10,0.15,959,21.83814,0,50,16,50,50,50,50,50,50,50,50,50,50
random,1000,10,0.15,959,22.828149,0,42,11,42,42,42,42,42,42,42,42,42,42
random,1000,10,0.15,959,23.776200000000003,0,45,21,45,45,45,45,45,45,45,45,45,45
random,1000,10,0.15,959,24.742233000000002,0,38,17,38,38,38,38,38,38,38,38,38,38
scale,1000,10,0.15,959,1.998,0,788,854,854,854,854,854,858,856,856,856,856,856
scale,1000,10,0.15,959,3.9940019999999996,0,607,377,607,607,607,607,607,609,609,609,609,609
scale,1000,10,0.15,959,5.988006,0,444,302,444,444,444,444,444,444,444,444,444,444
scale,1000,10,0.15,959,7.980012,0,368,110,368,368,368,368,368,368,368,368,368,368
scale,1000,10,0.15,959,9.97002,0,361,84,361,361,361,361,361,361,361,361,361,361
scale,1000,10,0.15,959,11.958029999999999,0,234,126,234,234,234,234,234,234,234,234,234,234
scale,1000,10,0.15,959,13.944042,0,162,127,162,162,162,162,162,162,162,162,162,162
scale,1000,10,0.15,959,15.928056,0,199,126,199,199,199,199,199,199,199,199,199,199
scale,1000,10,0.15,959,17.910072,0,161,91,161,161,161,161,161,161,161,161,161,161
scale,1000,10,0.15,959,19.89009,0,160,145,160,160,160,160,160,160,160,160,160,160
scale,1000,10,0.15,959,21.86811,0,72,20,72,72,72,72,72,72,72,72,72,72
random,1000,10,0.15,3521,0.984015,0,917,937,940,940,941,942,940,939,939,939,939,939
scale,1000,10,0.15,959,23.844132000000002,0,88,74,88,88,88,88,88,88,88,88,88,88
random,1000,10,0.15,3521,2.003994,0,730,699,733,733,733,735,745,745,745,745,745,745
random,1000,10,0.15,3521,3.021975,0,603,488,603,603,603,603,603,610,610,610,610,610
random,1000,10,0.15,3521,4.039956,0,538,351,538,538,538,538,538,539,539,539,539,539
random,1000,10,0.15,3521,5.077917,0,448,224,448,448,448,448,448,449,449,449,449,449
random,1000,10,0.15,3521,6.087905999999999,0,406,335,406,406,406,406,406,406,406,406,406,406
random,1000,10,0.15,3521,7.151841,0,347,128,347,347,347,347,347,348,348,348,348,348
random,1000,10,0.15,3521,8.113878000000001,0,290,90,290,290,290,290,290,290,290,290,290,290
random,1000,10,0.15,3521,9.073917000000002,0,266,103,266,266,266,266,266,267,267,267,267,267
random,1000,10,0.15,3521,10.047941999999999,0,246,78,246,246,246,246,246,246,246,246,246,246
random,1000,10,0.15,3521,11.135853000000001,0,209,89,209,209,209,209,209,209,209,209,209,209
random,1000,10,0.15,3521,12.143844,0,180,48,180,180,180,180,180,180,180,180,180,180
random,1000,10,0.15,3521,13.143843,0,151,104,151,151,151,151,151,151,151,151,151,151
random,1000,10,0.15,3521,14.219766,0,140,40,140,140,140,140,140,140,140,140,140,140
random,1000,10,0.15,3521,15.217767,0,134,45,134,134,134,134,134,134,134,134,134,134
random,1000,10,0.15,3521,16.207776,0,110,92,110,110,110,110,110,110,110,110,110,110
random,1000,10,0.15,3521,17.225757,0,105,43,105,105,105,105,105,105,105,105,105,105
random,1000,10,0.15,3521,18.20178,0,93,34,93,93,93,93,93,93,93,93,93,93
random,1000,10,0.15,3521,19.225755000000003,0,67,32,67,67,67,67,67,67,67,67,67,67
random,1000,10,0.15,3521,20.259719999999998,0,52,20,52,52,52,52,52,52,52,52,52,52
random,1000,10,0.15,3521,21.309669,0,54,34,54,54,54,54,54,54,54,54,54,54
random,1000,10,0.15,3521,22.257720000000003,0,58,44,58,58,58,58,58,58,58,58,58,58
random,1000,10,0.15,3521,23.219757,0,43,16,43,43,43,43,43,43,43,43,43,43
random,1000,10,0.15,3521,24.259716,0,34,9,34,34,34,34,34,34,34,34,34,34
random,1000,10,0.15,3521,25.201773,0,37,9,37,37,37,37,37,37,37,37,37,37
scale,1000,10,0.15,3521,1.998,0,786,846,846,847,846,847,851,848,848,848,848,848
scale,1000,10,0.15,3521,3.9940019999999996,0,606,305,606,606,606,606,606,610,610,610,610,610
scale,1000,10,0.15,3521,5.988006,0,489,232,489,489,489,489,489,490,490,490,490,490
scale,1000,10,0.15,3521,7.980012,0,382,319,382,382,382,382,382,383,383,383,383,383
scale,1000,10,0.15,3521,9.97002,0,298,183,298,298,298,298,298,298,298,298,298,298
scale,1000,10,0.15,3521,11.958029999999999,0,255,177,255,255,255,255,255,255,255,255,255,255
scale,1000,10,0.15,3521,13.944042,0,192,84,192,192,192,192,192,192,192,192,192,192
scale,1000,10,0.15,3521,15.928056,0,134,48,134,134,134,134,134,134,134,134,134,134
scale,1000,10,0.15,3521,17.910072,0,131,26,131,131,131,131,131,131,131,131,131,131
scale,1000,10,0.15,3521,19.89009,0,89,21,89,89,89,89,89,89,89,89,89,89
scale,1000,10,0.15,3521,21.86811,0,82,20,82,82,82,82,82,82,82,82,82,82
random,1000,10,0.25,591,1.023975,0,848,880,882,882,881,885,883,882,882,882,882,882
scale,1000,10,0.15,3521,23.844132000000002,0,93,68,93,93,93,93,93,93,93,93,93,93
random,1000,10,0.25,591,2.025972,0,605,632,632,632,632,632,641,647,647,647,647,647
random,1000,10,0.25,591,3.053943,0,462,401,462,462,462,462,465,477,477,477,477,477
random,1000,10,0.25,591,4.073922,0,337,273,337,337,337,337,337,349,349,349,349,349
random,1000,10,0.25,591,5.147847,0,270,207,270,270,270,270,270,277,278,278,278,278
random,1000,10,0.25,591,6.181812,0,209,133,209,209,209,209,209,212,212,212,212,212
random,1000,10,0.25,591,7.103889000000001,0,176,101,176,176,176,176,176,180,180,180,180,180
random,1000,10,0.25,591,8.159832,0,122,80,122,122,122,122,122,124,124,125,125,125
random,1000,10,0.25,591,9.161829000000001,0,117,71,117,117,117,117,117,119,119,119,119,120
random,1000,10,0.25,591,10.161828,0,94,63,94,94,94,94,94,95,95,95,95,95
random,1000,10,0.25,591,11.157831,0,76,43,76,76,76,76,76,76,76,76,76,76
random,1000,10,0.25,591,12.243744,0,52,30,52,52,52,52,52,52,52,52,52,52
random,1000,10,0.25,591,13.229757,0,49,34,49,49,49,49,49,49,49,49,49,49
random,1000,10,0.25,591,14.097888,0,39,27,39,39,39,39,39,39,39,39,39,39
random,1000,10,0.25,591,15.061923,0,32,21,32,32,32,32,32,32,32,32,32,32
random,1000,10,0.25,591,16.00398,0,23,16,23,23,23,23,23,23,23,23,23,23
random,1000,10,0.25,591,17.061921,0,22,17,22,22,22,22,22,22,22,22,22,22
random,1000,10,0.25,591,18.065915999999998,0,19,14,19,19,19,19,19,19,19,19,19,19
random,1000,10,0.25,591,19.045935,0,18,12,18,18,18,18,18,18,18,18,18,18
random,1000,10,0.25,591,19.983996,0,9,8,9,9,9,9,9,9,9,9,9,9
random,1000,10,0.25,591,20.944035,0,11,10,11,11,11,11,11,11,11,11,11,11
random,1000,10,0.25,591,21.870108,0,9,8,9,9,9,9,9,9,9,9,9,9
random,1000,10,0.25,591,22.938039,0,4,5,5,5,5,5,5,5,5,5,5,5
random,1000,10,0.25,591,23.979996,0,7,7,7,7,7,7,7,7,7,7,7,7
random,1000,10,0.25,591,25.025949,0,4,7,7,7,7,7,7,7,7,7,7,7
scale,1000,10,0.25,591,1.998,0,683,746,746,746,752,752,750,745,745,745,745,745
scale,1000,10,0.25,591,3.9940019999999996,0,341,239,341,341,341,341,341,366,366,366,366,366
scale,1000,10,0.25,591,5.988006,0,279,130,279,279,279,279,279,280,280,280,280,280
scale,1000,10,0.25,591,7.980012,0,187,87,187,187,187,187,187,187,187,187,188,188
scale,1000,10,0.25,591,9.97002,0,132,55,132,132,132,132,132,132,132,132,132,132
scale,1000,10,0.25,591,11.958029999999999,0,120,41,120,120,120,120,120,120,120,120,120,120
scale,1000,10,0.25,591,13.944042,0,98,60,98,98,98,98,98,98,98,98,98,98
scale,1000,10,0.25,591,15.928056,0,48,34,48,48,48,48,48,48,48,48,48,48
scale,1000,10,0.25,591,17.910072,0,37,19,37,37,37,37,37,37,37,37,37,37
scale,1000,10,0.25,591,19.89009,0,29,14,29,29,29,29,29,29,29,29,29,29
scale,1000,10,0.25,591,21.86811,0,30,21,30,30,30,30,30,30,30,30,30,30
scale,1000,10,0.25,591,23.844132000000002,0,26,10,26,26,26,26,26,26,26,26,26,26
random,1000,10,0.25,8412,0.9900089999999999,0,866,897,897,897,897,897,897,895,895,895,895,895
random,1000,10,0.25,8412,1.9620360000000001,0,623,647,647,647,647,647,647,660,660,660,660,660
random,1000,10,0.25,8412,2.948049,0,474,456,474,474,474,477,474,499,499,499,499,499
random,1000,10,0.25,8412,3.97602,0,390,300,390,390,390,390,390,405,405,405,405,405
random,1000,10,0.25,8412,5.043951,0,273,194,273,273,273,273,273,282,282,282,282,282
random,1000,10,0.25,8412,6.07392,0,201,134,201,201,201,201,201,207,207,207,207,207
random,1000,10,0.25,8412,7.081911,0,157,100,157,157,157,157,157,165,166,166,166,167
random,1000,10,0.25,8412,8.103888,0,127,78,127,127,127,127,127,129,129,129,129,129
random,1000,10,0.25,8412,9.085905,0,102,60,102,102,102,102,102,103,103,103,103,103
random,1000,10,0.25,8412,10.043946,0,79,52,79,79,79,79,79,83,83,83,83,83
random,1000,10,0.25,8412,11.069919,0,69,42,69,69,69,69,69,69,70,70,70,71
random,1000,10,0.25,8412,12.081906,0,58,38,58,58,58,58,58,58,58,58,58,58
random,1000,10,0.25,8412,13.107879,0,48,28,48,48,48,48,48,48,48,48,48,48
random,1000,10,0.25,8412,14.167818,0,35,22,35,35,35,35,35,35,35,35,35,35
random,1000,10,0.25,8412,15.139845,0,28,25,28,28,28,28,28,28,28,28,28,28
random,1000,10,0.25,8412,16.225758,0,30,22,30,30,30,30,30,30,30,30,30,30
random,1000,10,0.25,8412,17.265717,0,23,16,23,23,23,23,23,23,23,23,23,23
random,1000,10,0.25,8412,18.361620000000002,0,15,12,15,15,15,15,15,15,15,15,15,15
random,1000,10,0.25,8412,19.295685,0,18,13,18,18,18,18,18,18,18,18,18,18
random,1000,10,0.25,8412,20.257722,0,14,15,15,15,15,15,15,15,15,15,15,15
random,1000,10,0.25,8412,21.293685,0,11,10,11,11,11,11,11,11,11,11,11,11
random,1000,10,0.25,8412,22.251725999999998,0,8,7,8,8,8,8,8,8,8,8,8,8
random,1000,10,0.25,8412,23.281695,0,4,6,6,6,6,6,6,6,6,6,6,6
random,1000,10,0.25,8412,24.279695999999998,0,8,8,8,8,8,8,8,8,8,8,8,8
random,1000,10,0.25,8412,25.297676999999997,0,5,3,5,5,5,5,5,5,5,5,5,5
scale,1000,10,0.25,8412,1.998,0,680,755,755,755,758,756,760,757,757,757,757,757
scale,1000,10,0.25,8412,3.9940019999999996,0,401,252,401,401,401,401,401,418,418,418,418,418
scale,1000,10,0.25,8412,5.988006,0,267,125,267,267,267,267,267,269,270,270,270,270
scale,1000,10,0.25,8412,7.980012,0,195,84,195,195,195,195,195,195,195,195,195,195
scale,1000,10,0.25,8412,9.97002,0,111,52,111,111,111,111,111,111,111,111,112,112
scale,1000,10,0.25,8412,11.958029999999999,0,111,36,111,111,111,111,111,111,111,111,111,111
scale,1000,10,0.25,8412,13.944042,0,88,32,88,88,88,88,88,88,88,88,88,88
scale,1000,10,0.25,8412,15.928056,0,51,20,51,51,51,51,51,51,51,51,51,51
scale,1000,10,0.25,8412,17.910072,0,53,33,53,53,53,53,53,53,53,53,53,53
scale,1000,10,0.25,8412,19.89009,0,44,26,44,44,44,44,44,44,44,44,44,44
scale,1000,10,0.25,8412,21.86811,0,15,12,15,15,15,15,15,15,15,15,15,15
scale,1000,10,0.25,8412,23.844132000000002,0,14,11,14,14,14,14,14,14,14,14,14,14
random,1000,10,0.25,2107,1.0139850000000001,0,865,897,897,899,901,901,901,900,900,900,900,900
random,1000,10,0.25,2107,1.9940039999999999,0,608,618,618,618,618,627,630,643,644,644,644,644
random,1000,10,0.25,2107,3.035961,0,442,427,442,442,442,442,442,462,463,463,463,463
random,1000,10,0.25,2107,4.03596,0,340,275,340,340,340,340,340,358,358,359,359,359
random,1000,10,0.25,2107,4.9920029999999995,0,286,197,286,286,286,286,286,293,293,293,293,293
random,1000,10,0.25,2107,6.03396,0,216,143,216,216,216,216,216,219,219,219,219,219
random,1000,10,0.25,2107,7.087905,0,171,103,171,171,171,171,171,173,173,173,173,173
random,1000,10,0.25,2107,8.077914,0,134,82,134,134,134,134,134,136,136,137,137,137
random,1000,10,0.25,2107,9.065925,0,114,65,114,114,114,114,114,117,117,117,117,117
random,1000,10,0.25,2107,10.02996,0,90,49,90,90,90,90,90,92,92,92,93,93
random,1000,10,0.25,2107,10.991997000000001,0,78,46,78,78,78,78,78,78,78,78,78,78
random,1000,10,0.25,2107,11.972016,0,64,38,64,64,64,64,64,65,65,65,65,65
random,1000,10,0.25,2107,13.017968999999999,0,49,31,49,49,49,49,49,49,49,49,49,49
random,1000,10,0.25,2107,14.019966,0,36,27,36,36,36,36,36,36,36,36,36,36
random,1000,10,0.25,2107,15.067917,0,35,21,35,35,35,35,35,35,35,35,35,35
random,1000,10,0.25,2107,16.01397,0,24,18,24,24,24,24,24,24,24,24,24,24
random,1000,10,0.25,2107,17.039943,0,22,18,22,22,22,22,22,22,22,22,22,22
random,1000,10,0.25,2107,18.035946,0,11,12,12,12,12,12,12,12,12,12,12,12
random,1000,10,0.25,2107,18.946035,0,13,11,13,13,13,13,13,13,13,13,13,13
random,1000,10,0.25,2107,19.938042,0,13,12,13,13,13,13,13,13,13,13,13,13
random,1000,10,0.25,2107,20.950029,0,10,9,10,10,10,10,10,10,10,10,10,10
random,1000,10,0.25,2107,22.019958,0,16,10,16,16,16,16,16,16,16,16,16,16
random,1000,10,0.25,2107,22.987989,0,6,6,6,6,6,6,6,6,6,6,6,6
random,1000,10,0.25,2107,24.031944,0,6,7,7,7,7,7,7,7,7,7,7,7
random,1000,10,0.25,2107,25.029945,0,4,4,4,4,4,4,4,4,4,4,4,4
scale,1000,10,0.25,2107,1.998,0,670,747,747,752,755,755,757,749,749,749,749,749
scale,1000,10,0.25,2107,3.9940019999999996,0,441,270,441,441,441,441,441,444,444,444,444,444
scale,1000,10,0.25,2107,5.988006,0,282,128,282,282,282,282,282,285,285,285,285,285
scale,1000,10,0.25,2107,7.980012,0,199,82,199,199,199,199,199,199,199,199,199,199
scale,1000,10,0.25,2107,9.97002,0,148,57,148,148,148,148,148,148,148,148,148,148
scale,1000,10,0.25,2107,11.958029999999999,0,108,37,108,108,108,108,108,108,108,108,108,108
scale,1000,10,0.25,2107,13.944042,0,54,29,54,54,54,54,54,54,54,54,54,54
scale,1000,10,0.25,2107,15.928056,0,51,26,51,51,51,51,51,51,51,51,51,51
scale,1000,10,0.25,2107,17.910072,0,68,24,68,68,68,68,68,68,68,68,68,68
scale,1000,10,0.25,2107,19.89009,0,38,13,38,38,38,38,38,38,38,38,38,38
scale,1000,10,0.25,2107,21.86811,0,23,10,23,23,23,23,23,23,23,23,23,23
scale,1000,10,0.25,2107,23.844132000000002,0,19,11,19,19,19,19,19,19,19,19,19,19
random,1000,10,0.25,959,0.992007,0,858,886,886,887,886,887,886,887,887,887,887,887
random,1000,10,0.25,959,2.0739240000000003,0,581,622,622,622,622,622,622,639,639,639,640,640
random,1000,10,0.25,959,3.051945,0,438,387,438,438,438,438,438,451,451,451,451,451
random,1000,10,0.25,959,4.0559400000000005,0,331,256,331,331,331,331,331,346,346,346,346,346
random,1000,10,0.25,959,5.009985,0,278,197,278,278,278,278,278,287,288,288,288,288
random,1000,10,0.25,959,5.926068,0,234,149,234,234,234,234,234,236,236,236,236,236
random,1000,10,0.25,959,6.934059,0,172,111,172,172,172,172,172,178,178,178,178,178
random,1000,10,0.25,959,7.95204,0,131,85,131,131,131,131,131,133,134,134,134,134
random,1000,10,0.25,959,8.968023,0,124,65,124,124,124,124,124,124,124,124,124,124
random,1000,10,0.25,959,10.015974,0,90,54,90,90,90,90,90,90,90,90,90,90
random,1000,10,0.25,959,10.989999000000001,0,83,50,83,83,83,83,83,84,84,84,84,84
random,1000,10,0.25,959,12.025962,0,59,42,59,59,59,59,59,59,59,59,59,59
random,1000,10,0.25,959,12.976011,0,40,27,40,40,40,40,40,40,41,42,42,42
random,1000,10,0.25,959,13.948038,0,40,25,40,40,40,40,40,40,40,40,40,40
random,1000,10,0.25,959,14.987997,0,31,23,31,31,31,31,31,31,31,31,31,31
random,1000,10,0.25,959,15.99399,0,35,21,35,35,35,35,35,35,35,35,35,35
random,1000,10,0.25,959,16.970012999999998,0,24,19,24,24,24,24,24,24,24,24,24,24
random,1000,10,0.25,959,17.902079999999998,0,21,14,21,21,21,21,21,21,21,21,21,21
random,1000,10,0.25,959,18.896085000000003,0,15,12,15,15,15,15,15,15,15,15,15,15
random,1000,10,0.25,959,19.894086,0,10,13,13,13,13,13,13,13,13,13,13,13
random,1000,10,0.25,959,20.900078999999998,0,8,11,11,11,11,11,11,11,11,11,11,11
random,1000,10,0.25,959,21.83814,0,10,10,10,10,10,10,10,10,10,10,10,10
random,1000,10,0.25,959,22.828149,0,7,6,7,7,7,7,7,7,7,7,7,7
random,1000,10,0.25,959,23.776200000000003,0,8,6,8,8,8,8,8,8,8,8,8,8
random,1000,10,0.25,959,24.742233000000002,0,9,6,9,9,9,9,9,9,9,9,9,9
scale,1000,10,0.25,959,1.998,0,679,752,752,752,757,765,763,755,755,755,755,755
scale,1000,10,0.25,959,3.9940019999999996,0,441,263,441,441,441,441,441,445,446,446,446,446
scale,1000,10,0.25,959,5.988006,0,241,126,241,241,241,241,241,244,244,245,246,247
scale,1000,10,0.25,959,7.980012,0,176,79,176,176,176,176,176,176,176,176,176,176
scale,1000,10,0.25,959,9.97002,0,170,54,170,170,170,170,170,170,170,170,170,170
scale,1000,10,0.25,959,11.958029999999999,0,80,34,80,80,80,80,80,80,80,80,80,80
scale,1000,10,0.25,959,13.944042,0,67,31,67,67,67,67,67,67,67,67,67,67
scale,1000,10,0.25,959,15.928056,0,68,32,68,68,68,68,68,68,68,68,68,68
scale,1000,10,0.25,959,17.910072,0,51,18,51,51,51,51,51,51,51,51,51,51
scale,1000,10,0.25,959,19.89009,0,38,18,38,38,38,38,38,38,38,38,38,38
scale,1000,10,0.25,959,21.86811,0,18,16,18,18,18,18,18,18,18,18,18,18
scale,1000,10,0.25,959,23.844132000000002,0,15,13,15,15,15,15,15,15,15,15,15,15
random,1000,10,0.25,3521,0.984015,0,857,884,888,889,889,887,890,886,886,886,886,886
random,1000,10,0.25,3521,2.003994,0,628,632,632,632,640,644,650,646,646,646,646,646
random,1000,10,0.25,3521,3.021975,0,445,420,445,445,445,445,445,465,465,465,465,465
random,1000,10,0.25,3521,4.039956,0,343,280,343,343,343,343,343,354,355,355,355,355
random,1000,10,0.25,3521,5.077917,0,261,189,261,261,261,261,261,276,276,276,276,276
random,1000,10,0.25,3521,6.087905999999999,0,218,166,218,218,218,218,218,226,226,226,226,226
random,1000,10,0.25,3521,7.151841,0,176,107,176,176,176,176,176,181,182,182,182,182
random,1000,10,0.25,3521,8.113878000000001,0,122,92,122,122,122,122,122,124,124,124,124,125
random,1000,10,0.25,3521,9.073917000000002,0,117,67,117,117,117,117,117,118,118,118,118,118
random,1000,10,0.25,3521,10.047941999999999,0,98,69,98,98,98,98,98,98,98,98,98,98
random,1000,10,0.25,3521,11.135853000000001,0,77,46,77,77,77,77,77,77,77,77,77,77
random,1000,10,0.25,3521,12.143844,0,46,35,46,46,46,46,46,46,46,46,47,47
random,1000,10,0.25,3521,13.143843,0,43,28,43,43,43,43,43,43,43,43,43,43
random,1000,10,0.25,3521,14.219766,0,44,26,44,44,44,44,44,44,44,44,44,44
random,1000,10,0.25,3521,15.217767,0,31,23,31,31,31,31,31,31,31,31,31,31
random,1000,10,0.25,3521,16.207776,0,22,21,22,22,22,22,22,22,22,22,22,22
random,1000,10,0.25,3521,17.225757,0,27,15,27,27,27,27,27,27,27,27,27,27
random,1000,10,0.25,3521,18.20178,0,16,17,17,17,17,17,17,17,17,17,17,17
random,1000,10,0.25,3521,19.225755000000003,0,16,13,16,16,16,16,16,16,16,16,16,16
random,1000,10,0.25,3521,20.259719999999998,0,8,9,9,9,9,9,9,9,9,9,9,9
random,1000,10,0.25,3521,21.309669,0,8,8,8,8,8,8,8,8,8,8,8,8
random,1000,10,0.25,3521,22.257720000000003,0,9,7,9,9,9,9,9,9,9,9,9,9
random,1000,10,0.25,3521,23.219757,0,6,5,6,6,6,6,6,6,6,6,6,6
random,1000,10,0.25,3521,24.259716,0,4,5,5,5,5,5,5,5,5,5,5,5
scale,1000,10,0.25,3521,1.998,0,678,754,755,755,759,766,758,757,757,757,757,757
random,1000,10,0.25,3521,25.201773,0,6,7,7,7,7,7,7,7,7,7,7,7
scale,1000,10,0.25,3521,3.9940019999999996,0,400,253,400,400,400,400,400,419,419,419,419,419
scale,1000,10,0.25,3521,5.988006,0,284,132,284,284,284,284,284,287,287,287,287,287
scale,1000,10,0.25,3521,7.980012,0,208,82,208,208,208,208,208,208,208,208,208,208
scale,1000,10,0.25,3521,9.97002,0,140,63,140,140,140,140,140,140,140,140,140,140
scale,1000,10,0.25,3521,11.958029999999999,0,95,36,95,95,95,95,95,95,95,95,95,95
scale,1000,10,0.25,3521,13.944042,0,66,27,66,66,66,66,66,66,66,66,66,66
scale,1000,10,0.25,3521,15.928056,0,42,20,42,42,42,42,42,42,42,42,42,42
scale,1000,10,0.25,3521,17.910072,0,36,15,36,36,36,36,36,36,36,36,36,36
scale,1000,10,0.25,3521,19.89009,0,19,14,19,19,19,19,19,19,19,19,19,19
scale,1000,10,0.25,3521,21.86811,0,19,12,19,19,19,19,19,19,19,19,19,19
scale,1000,10,0.25,3521,23.844132000000002,0,14,10,14,14,14,14,14,14,14,14,14,14
random,1000,50,0.05,591,1.023975,0,984,985,987,986,987,986,987,985,985,985,985,985
random,1000,50,0.05,591,2.025972,0,901,773,901,901,901,901,901,904,904,904,904,904
random,1000,50,0.05,591,3.053943,0,835,721,835,835,835,835,835,837,837,837,837,837
random,1000,50,0.05,591,4.073922,0,794,754,794,794,794,794,794,795,795,795,795,795
random,1000,50,0.05,591,5.147847,0,751,725,751,751,751,751,751,751,751,751,751,751
random,1000,50,0.05,591,6.181812,0,717,717,717,717,717,717,717,717,717,717,717,717
random,1000,50,0.05,591,7.103889000000001,0,683,683,683,683,683,683,683,683,683,683,683,683
random,1000,50,0.05,591,8.159832,0,656,599,656,656,656,656,656,656,656,656,656,656
random,1000,50,0.05,591,9.161829000000001,0,624,624,624,624,624,624,624,624,624,624,624,624
random,1000,50,0.05,591,10.161828,0,579,579,579,579,579,579,579,579,579,579,579,579
random,1000,50,0.05,591,11.157831,0,572,570,572,572,572,572,572,572,572,572,572,572
random,1000,50,0.05,591,12.243744,0,522,330,522,522,522,522,522,522,522,522,522,522
random,1000,50,0.05,591,13.229757,0,516,290,516,516,516,516,516,516,516,516,516,516
random,1000,50,0.05,591,14.097888,0,484,484,484,484,484,484,484,484,484,484,484,484
random,1000,50,0.05,591,15.061923,0,469,464,469,469,469,469,469,469,469,469,469,469
random,1000,50,0.05,591,16.00398,0,448,446,448,448,448,448,448,448,448,448,448,448
random,1000,50,0.05,591,17.061921,0,433,284,433,433,433,433,433,433,433,433,433,433
random,1000,50,0.05,591,18.065915999999998,0,404,402,404,404,404,404,404,404,404,404,404,404
random,1000,50,0.05,591,19.045935,0,385,382,385,385,385,385,385,385,385,385,385,385
random,1000,50,0.05,591,19.983996,0,368,364,368,368,368,368,368,368,368,368,368,368
random,1000,50,0.05,591,20.944035,0,368,364,368,368,368,368,368,368,368,368,368,368
random,1000,50,0.05,591,21.870108,0,343,338,343,343,343,343,343,343,343,343,343,343
random,1000,50,0.05,591,22.938039,0,317,312,317,317,317,317,317,317,317,317,317,317
random,1000,50,0.05,591,23.979996,0,313,313,313,313,313,313,313,313,313,313,313,313
random,1000,50,0.05,591,25.025949,0,278,276,278,278,278,278,278,278,278,278,278,278
scale,1000,50,0.05,591,1.998,0,909,928,940,944,940,942,945,929,929,929,929,929
scale,1000,50,0.05,591,3.9940019999999996,0,794,436,794,794,794,794,794,794,794,794,794,794
scale,1000,50,0.05,591,5.988006,0,766,275,766,766,766,766,766,766,766,766,766,766
scale,1000,50,0.05,591,7.980012,0,657,653,657,657,657,657,657,657,657,657,657,657
scale,1000,50,0.05,591,9.97002,0,599,89,599,599,599,599,599,599,599,599,599,599
scale,1000,50,0.05,591,11.958029999999999,0,610,610,610,610,610,610,610,610,610,610,610,610
scale,1000,50,0.05,591,13.944042,0,561,554,561,561,561,561,561,561,561,561,561,561
scale,1000,50,0.05,591,15.928056,0,492,462,492,492,492,492,492,492,492,492,492,492
scale,1000,50,0.05,591,17.910072,0,384,372,384,384,384,384,384,384,384,384,384,384
scale,1000,50,0.05,591,19.89009,0,503,484,503,503,503,503,503,503,503,503,503,503
scale,1000,50,0.05,591,21.86811,0,396,383,396,396,396,396,396,396,396,396,396,396
scale,1000,50,0.05,591,23.844132000000002,0,454,454,454,454,454,454,454,454,454,454,454,454
random,1000,50,0.05,8412,0.9900089999999999,0,980,985,987,987,985,987,986,986,986,986,986,986
random,1000,50,0.05,8412,1.9620360000000001,0,901,825,901,901,901,901,901,901,901,901,901,901
random,1000,50,0.05,8412,2.948049,0,851,657,851,851,851,851,851,852,852,852,852,852
random,1000,50,0.05,8412,3.97602,0,809,728,809,809,809,809,809,809,809,809,809,809
random,1000,50,0.05,8412,5.043951,0,768,768,768,768,768,768,768,768,768,768,768,768
random,1000,50,0.05,8412,6.07392,0,725,725,725,725,725,725,725,725,725,725,725,725
random,1000,50,0.05,8412,8.103888,0,659,602,659,659,659,659,659,659,659,659,659,659
random,1000,50,0.05,8412,7.081911,0,691,647,691,691,691,691,691,691,691,691,691,691
random,1000,50,0.05,8412,9.085905,0,617,532,617,617,617,617,617,617,617,617,617,617
random,1000,50,0.05,8412,10.043946,0,603,597,603,603,603,603,603,603,603,603,603,603
random,1000,50,0.05,8412,11.069919,0,577,577,577,577,577,577,577,577,577,577,577,577
random,1000,50,0.05,8412,12.081906,0,520,516,520,520,520,520,520,520,520,520,520,520
random,1000,50,0.05,8412,13.107879,0,512,505,512,512,512,512,512,512,512,512,512,512
random,1000,50,0.05,8412,14.167818,0,473,104,473,473,473,473,473,473,473,473,473,473
random,1000,50,0.05,8412,15.139845,0,469,467,469,469,469,469,469,469,469,469,469,469
random,1000,50,0.05,8412,16.225758,0,437,434,437,437,437,437,437,437,437,437,437,437
random,1000,50,0.05,8412,17.265717,0,432,318,432,432,432,432,432,432,432,432,432,432
random,1000,50,0.05,8412,18.361620000000002,0,396,393,396,396,396,396,396,396,396,396,396,396
random,1000,50,0.05,8412,19.295685,0,385,378,385,385,385,385,385,385,385,385,385,385
random,1000,50,0.05,8412,20.257722,0,363,363,363,363,363,363,363,363,363,363,363,363
random,1000,50,0.05,8412,21.293685,0,350,346,350,350,350,350,350,350,350,350,350,350
random,1000,50,0.05,8412,22.251725999999998,0,342,335,342,342,342,342,342,342,342,342,342,342
random,1000,50,0.05,8412,23.281695,0,313,308,313,313,313,313,313,313,313,313,313,313
random,1000,50,0.05,8412,24.279695999999998,0,285,282,285,285,285,285,285,285,285,285,285,285
scale,1000,50,0.05,8412,1.998,0,913,934,943,946,944,945,945,935,935,935,935,935
random,1000,50,0.05,8412,25.297676999999997,0,300,120,300,300,300,300,300,300,300,300,300,300
scale,1000,50,0.05,8412,3.9940019999999996,0,805,355,805,805,805,805,805,807,807,807,807,807
scale,1000,50,0.05,8412,5.988006,0,728,690,728,728,728,728,728,728,728,728,728,728
scale,1000,50,0.05,8412,7.980012,0,686,379,686,686,686,686,686,686,686,686,686,686
scale,1000,50,0.05,8412,9.97002,0,652,619,652,652,652,652,652,652,652,652,652,652
scale,1000,50,0.05,8412,11.958029999999999,0,586,563,586,586,586,586,586,586,586,586,586,586
scale,1000,50,0.05,8412,15.928056,0,492,459,492,492,492,492,492,492,492,492,492,492
scale,1000,50,0.05,8412,13.944042,0,594,580,594,594,594,594,594,594,594,594,594,594
scale,1000,50,0.05,8412,17.910072,0,481,433,481,481,481,481,481,481,481,481,481,481
scale,1000,50,0.05,8412,19.89009,0,470,435,470,470,470,470,470,470,470,470,470,470
scale,1000,50,0.05,8412,21.86811,0,417,388,417,417,417,417,417,417,417,417,417,417
random,1000,50,0.05,2107,1.0139850000000001,0,988,991,992,992,992,992,992,991,991,991,991,991
scale,1000,50,0.05,8412,23.844132000000002,0,394,367,394,394,394,394,394,394,394,394,394,394
random,1000,50,0.05,2107,1.9940039999999999,0,906,791,906,906,906,906,910,910,910,910,910,910
random,1000,50,0.05,2107,3.035961,0,847,636,847,847,847,847,847,847,847,847,847,847
random,1000,50,0.05,2107,4.03596,0,798,736,798,798,798,798,798,798,798,798,798,798
random,1000,50,0.05,2107,4.9920029999999995,0,768,696,768,768,768,768,768,768,768,768,768,768
random,1000,50,0.05,2107,6.03396,0,724,654,724,724,724,724,724,724,724,724,724,724
random,1000,50,0.05,2107,8.077914,0,651,649,651,651,651,651,651,651,651,651,651,651
random,1000,50,0.05,2107,7.087905,0,685,555,685,685,685,685,685,685,685,685,685,685
random,1000,50,0.05,2107,9.065925,0,633,451,633,633,633,633,633,633,633,633,633,633
random,1000,50,0.05,2107,10.02996,0,594,333,594,594,594,594,594,594,594,594,594,594
random,1000,50,0.05,2107,10.991997000000001,0,576,574,576,576,576,576,576,576,576,576,576,576
random,1000,50,0.05,2107,11.972016,0,554,457,554,554,554,554,554,554,554,554,554,554
random,1000,50,0.05,2107,13.017968999999999,0,518,517,518,518,518,518,518,518,518,518,518,518
random,1000,50,0.05,2107,15.067917,0,482,263,482,482,482,482,482,482,482,482,482,482
random,1000,50,0.05,2107,14.019966,0,509,374,509,509,509,509,509,509,509,509,509,509
random,1000,50,0.05,2107,17.039943,0,458,458,458,458,458,458,458,458,458,458,458,458
random,1000,50,0.05,2107,16.01397,0,451,451,451,451,451,451,451,451,451,451,451,451
random,1000,50,0.05,2107,18.035946,0,429,429,429,429,429,429,429,429,429,429,429,429
random,1000,50,0.05,2107,18.946035,0,398,393,398,398,398,398,398,398,398,398,398,398
random,1000,50,0.05,2107,19.938042,0,378,378,378,378,378,378,378,378,378,378,378,378
random,1000,50,0.05,2107,20.950029,0,348,341,348,348,348,348,348,348,348,348,348,348
random,1000,50,0.05,2107,22.019958,0,336,331,336,336,336,336,336,336,336,336,336,336
random,1000,50,0.05,2107,24.031944,0,299,299,299,299,299,299,299,299,299,299,299,299
random,1000,50,0.05,2107,22.987989,0,341,341,341,341,341,341,341,341,341,341,341,341
scale,1000,50,0.05,2107,1.998,0,912,943,944,943,943,944,945,943,943,943,943,943
random,1000,50,0.05,2107,25.029945,0,295,292,295,295,295,295,295,295,295,295,295,295
scale,1000,50,0.05,2107,3.9940019999999996,0,846,846,846,846,846,846,846,846,846,846,846,846
scale,1000,50,0.05,2107,5.988006,0,783,775,783,783,783,783,783,783,783,783,783,783
scale,1000,50,0.05,2107,7.980012,0,677,635,677,677,677,677,677,677,677,677,677,677
scale,1000,50,0.05,2107,9.97002,0,625,588,625,625,625,625,625,625,625,625,625,625
scale,1000,50,0.05,2107,11.958029999999999,0,612,598,612,612,612,612,612,612,612,612,612,612
scale,1000,50,0.05,2107,13.944042,0,505,484,505,505,505,505,505,505,505,505,505,505
scale,1000,50,0.05,2107,15.928056,0,474,474,474,474,474,474,474,474,474,474,474,474
scale,1000,50,0.05,2107,17.910072,0,532,513,532,532,532,532,532,532,532,532,532,532
scale,1000,50,0.05,2107,19.89009,0,434,411,434,434,434,434,434,434,434,434,434,434
scale,1000,50,0.05,2107,21.86811,0,505,505,505,505,505,505,505,505,505,505,505,505
random,1000,50,0.05,959,0.992007,0,973,983,983,983,983,983,983,983,983,983,983,983
scale,1000,50,0.05,2107,23.844132000000002,0,461,446,461,461,461,461,461,461,461,461,461,461
random,1000,50,0.05,959,2.0739240000000003,0,892,795,892,892,892,892,892,895,895,895,895,895
random,1000,50,0.05,959,3.051945,0,840,620,840,840,840,840,840,841,841,841,841,841
random,1000,50,0.05,959,4.0559400000000005,0,796,651,796,796,796,796,796,797,797,797,797,797
random,1000,50,0.05,959,5.009985,0,762,591,762,762,762,762,762,762,762,762,762,762
random,1000,50,0.05,959,5.926068,0,729,701,729,729,729,729,729,729,729,729,729,729
random,1000,50,0.05,959,6.934059,0,696,483,696,696,696,696,696,696,696,696,696,696
random,1000,50,0.05,959,7.95204,0,660,596,660,660,660,660,660,660,660,660,660,660
random,1000,50,0.05,959,8.968023,0,630,628,630,630,630,630,630,630,630,630,630,630
random,1000,50,0.05,959,10.015974,0,595,509,595,595,595,595,595,595,595,595,595,595
random,1000,50,0.05,959,10.989999000000001,0,572,308,572,572,572,572,572,572,572,572,572,572
random,1000,50,0.05,959,12.025962,0,540,540,540,540,540,540,540,540,540,540,540,540
random,1000,50,0.05,959,12.976011,0,512,512,512,512,512,512,512,512,512,512,512,512
random,1000,50,0.05,959,13.948038,0,486,486,486,486,486,486,486,486,486,486,486,486
random,1000,50,0.05,959,14.987997,0,478,469,478,478,478,478,478,478,478,478,478,478
random,1000,50,0.05,959,15.99399,0,444,316,444,444,444,444,444,444,444,444,444,444
random,1000,50,0.05,959,16.970012999999998,0,429,147,429,429,429,429,429,429,429,429,429,429
random,1000,50,0.05,959,17.902079999999998,0,400,395,400,400,400,400,400,400,400,400,400,400
random,1000,50,0.05,959,18.896085000000003,0,376,373,376,376,376,376,376,376,376,376,376,376
random,1000,50,0.05,959,19.894086,0,373,373,373,373,373,373,373,373,373,373,373,373
random,1000,50,0.05,959,20.900078999999998,0,344,344,344,344,344,344,344,344,344,344,344,344
random,1000,50,0.05,959,21.83814,0,339,102,339,339,339,339,339,339,339,339,339,339
random,1000,50,0.05,959,22.828149,0,313,305,313,313,313,313,313,313,313,313,313,313
random,1000,50,0.05,959,23.776200000000003,0,318,313,318,318,318,318,318,318,318,318,318,318
random,1000,50,0.05,959,24.742233000000002,0,313,310,313,313,313,313,313,313,313,313,313,313
scale,1000,50,0.05,959,1.998,0,908,940,940,945,946,947,947,940,940,940,940,940
scale,1000,50,0.05,959,3.9940019999999996,0,815,688,815,815,815,815,815,815,815,815,815,815
scale,1000,50,0.05,959,5.988006,0,751,522,751,751,751,751,751,751,751,751,751,751
scale,1000,50,0.05,959,7.980012,0,669,652,669,669,669,669,669,669,669,669,669,669
scale,1000,50,0.05,959,9.97002,0,669,657,669,669,669,669,669,669,669,669,669,669
scale,1000,50,0.05,959,11.958029999999999,0,593,582,593,593,593,593,593,593,593,593,593,593
scale,1000,50,0.05,959,13.944042,0,541,59,541,541,541,541,541,541,541,541,541,541
scale,1000,50,0.05,959,15.928056,0,477,297,477,477,477,477,477,477,477,477,477,477
scale,1000,50,0.05,959,17.910072,0,463,452,463,463,463,463,463,463,463,463,463,463
scale,1000,50,0.05,959,19.89009,0,477,448,477,477,477,477,477,477,477,477,477,477
scale,1000,50,0.05,959,21.86811,0,376,63,376,376,376,376,376,376,376,376,376,376
random,1000,50,0.05,3521,0.984015,0,983,987,989,989,989,989,989,987,987,987,987,987
scale,1000,50,0.05,959,23.844132000000002,0,351,326,351,351,351,351,351,351,351,351,351,351
random,1000,50,0.05,3521,2.003994,0,875,786,875,875,875,875,875,877,877,877,877,877
random,1000,50,0.05,3521,3.021975,0,813,547,813,813,813,813,813,814,814,814,814,814
random,1000,50,0.05,3521,4.039956,0,766,591,766,766,766,766,766,766,766,766,766,766
random,1000,50,0.05,3521,5.077917,0,732,556,732,732,732,732,732,732,732,732,732,732
random,1000,50,0.05,3521,6.087905999999999,0,684,488,684,684,684,684,684,684,684,684,684,684
random,1000,50,0.05,3521,7.151841,0,645,603,645,645,645,645,645,645,645,645,645,645
random,1000,50,0.05,3521,8.113878000000001,0,627,513,627,627,627,627,627,627,627,627,627,627
random,1000,50,0.05,3521,9.073917000000002,0,599,213,599,599,599,599,599,599,599,599,599,599
random,1000,50,0.05,3521,10.047941999999999,0,553,217,553,553,553,553,553,553,553,553,553,553
random,1000,50,0.05,3521,11.135853000000001,0,529,437,529,529,529,529,529,529,529,529,529,529
random,1000,50,0.05,3521,12.143844,0,503,80,503,503,503,503,503,503,503,503,503,503
random,1000,50,0.05,3521,13.143843,0,466,226,466,466,466,466,466,466,466,466,466,466
random,1000,50,0.05,3521,14.219766,0,440,333,440,440,440,440,440,440,440,440,440,440
random,1000,50,0.05,3521,15.217767,0,414,149,414,414,414,414,414,414,414,414,414,414
random,1000,50,0.05,3521,16.207776,0,406,287,406,406,406,406,406,406,406,406,406,406
random,1000,50,0.05,3521,17.225757,0,392,275,392,392,392,392,392,392,392,392,392,392
random,1000,50,0.05,3521,18.20178,0,385,379,385,385,385,385,385,385,385,385,385,385
random,1000,50,0.05,3521,19.225755000000003,0,362,231,362,362,362,362,362,362,362,362,362,362
random,1000,50,0.05,3521,20.259719999999998,0,316,160,316,316,316,316,316,316,316,316,316,316
random,1000,50,0.05,3521,21.309669,0,308,164,308,308,308,308,308,308,308,308,308,308
random,1000,50,0.05,3521,22.257720000000003,0,303,300,303,303,303,303,303,303,303,303,303,303
random,1000,50,0.05,3521,23.219757,0,289,286,289,289,289,289,289,289,289,289,289,289
random,1000,50,0.05,3521,24.259716,0,287,287,287,287,287,287,287,287,287,287,287,287
random,1000,50,0.05,3521,25.201773,0,274,271,274,274,274,274,274,274,274,274,274,274
scale,1000,50,0.05,3521,1.998,0,911,938,938,940,943,945,942,938,938,938,938,938
scale,1000,50,0.05,3521,3.9940019999999996,0,846,628,846,846,846,846,846,846,846,846,846,846
scale,1000,50,0.05,3521,5.988006,0,763,731,763,763,763,763,763,763,763,763,763,763
scale,1000,50,0.05,3521,7.980012,0,641,618,641,641,641,641,641,641,641,641,641,641
scale,1000,50,0.05,3521,9.97002,0,609,453,609,609,609,609,609,609,609,609,609,609
scale,1000,50,0.05,3521,11.958029999999999,0,639,610,639,639,639,639,639,639,639,639,639,639
scale,1000,50,0.05,3521,13.944042,0,578,62,578,578,578,578,578,578,578,578,578,578
scale,1000,50,0.05,3521,15.928056,0,530,528,530,530,530,530,530,530,530,530,530,530
scale,1000,50,0.05,3521,17.910072,0,451,412,451,451,451,451,451,451,451,451,451,451
scale,1000,50,0.05,3521,19.89009,0,382,344,382,382,382,382,382,382,382,382,382,382
scale,1000,50,0.05,3521,21.86811,0,438,407,438,438,438,438,438,438,438,438,438,438
scale,1000,50,0.05,3521,23.844132000000002,0,400,368,400,400,400,400,400,400,400,400,400,400
random,1000,50,0.15,591,1.023975,0,919,941,942,943,944,943,941,941,941,941,941,941
random,1000,50,0.15,591,2.025972,0,737,704,737,737,737,737,737,747,747,748,749,749
random,1000,50,0.15,591,3.053943,0,585,460,585,585,585,585,585,593,593,593,593,593
random,1000,50,0.15,591,4.073922,0,490,317,490,490,490,490,490,491,491,491,491,491
random,1000,50,0.15,591,5.147847,0,415,212,415,415,415,415,415,416,416,416,416,416
random,1000,50,0.15,591,6.181812,0,376,251,376,376,376,376,376,376,376,376,376,376
random,1000,50,0.15,591,8.159832,0,262,94,262,262,262,262,262,262,262,262,262,262
random,1000,50,0.15,591,7.103889000000001,0,304,121,304,304,304,304,304,304,304,304,304,304
random,1000,50,0.15,591,9.161829000000001,0,254,104,254,254,254,254,254,254,254,254,254,254
random,1000,50,0.15,591,10.161828,0,218,143,218,218,218,218,218,218,218,218,218,218
random,1000,50,0.15,591,11.157831,0,183,79,183,183,183,183,183,183,183,183,183,183
random,1000,50,0.15,591,12.243744,0,140,44,140,140,140,140,140,140,140,140,140,140
random,1000,50,0.15,591,13.229757,0,147,120,147,147,147,147,147,147,147,147,147,147
random,1000,50,0.15,591,14.097888,0,121,65,121,121,121,121,121,121,121,121,121,121
random,1000,50,0.15,591,15.061923,0,104,28,104,104,104,104,104,104,104,104,104,104
random,1000,50,0.15,591,16.00398,0,87,26,87,87,87,87,87,87,87,87,87,87
random,1000,50,0.15,591,17.061921,0,66,24,66,66,66,66,66,66,66,66,66,66
random,1000,50,0.15,591,18.065915999999998,0,64,27,64,64,64,64,64,64,64,64,64,64
random,1000,50,0.15,591,19.045935,0,59,30,59,59,59,59,59,59,59,59,59,59
random,1000,50,0.15,591,19.983996,0,45,21,45,45,45,45,45,45,45,45,45,45
random,1000,50,0.15,591,20.944035,0,60,39,60,60,60,60,60,60,60,60,60,60
random,1000,50,0.15,591,21.870108,0,38,24,38,38,38,38,38,38,38,38,38,38
random,1000,50,0.15,591,22.938039,0,30,19,30,30,30,30,30,30,30,30,30,30
random,1000,50,0.15,591,23.979996,0,29,11,29,29,29,29,29,29,29,29,29,29
random,1000,50,0.15,591,25.025949,0,25,12,25,25,25,25,25,25,25,25,25,25
scale,1000,50,0.15,591,1.998,0,778,835,835,839,839,836,841,835,835,835,835,835
scale,1000,50,0.15,591,3.9940019999999996,0,494,280,494,494,494,494,494,500,500,500,500,500
scale,1000,50,0.15,591,7.980012,0,329,96,329,329,329,329,329,329,329,329,329,329
scale,1000,50,0.15,591,5.988006,0,471,182,471,471,471,471,471,471,471,471,471,471
scale,1000,50,0.15,591,9.97002,0,236,63,236,236,236,236,236,236,236,236,236,236
scale,1000,50,0.15,591,11.958029999999999,0,210,69,210,210,210,210,210,210,210,210,210,210
scale,1000,50,0.15,591,13.944042,0,200,58,200,200,200,200,200,200,200,200,200,200
scale,1000,50,0.15,591,15.928056,0,127,37,127,127,127,127,127,127,127,127,127,127
scale,1000,50,0.15,591,17.910072,0,99,94,99,99,99,99,99,99,99,99,99,99
scale,1000,50,0.15,591,19.89009,0,102,45,102,102,102,102,102,102,102,102,102,102
scale,1000,50,0.15,591,21.86811,0,114,18,114,114,114,114,114,114,114,114,114,114
scale,1000,50,0.15,591,23.844132000000002,0,98,18,98,98,98,98,98,98,98,98,98,98
random,1000,50,0.15,8412,0.9900089999999999,0,918,938,942,941,943,940,942,941,941,941,941,941
random,1000,50,0.15,8412,1.9620360000000001,0,738,710,738,738,738,738,738,750,750,750,750,750
random,1000,50,0.15,8412,2.948049,0,598,497,598,598,598,598,598,608,608,609,609,609
random,1000,50,0.15,8412,3.97602,0,526,337,526,526,526,526,526,527,527,527,527,527
random,1000,50,0.15,8412,5.043951,0,432,224,432,432,432,432,432,435,435,435,435,435
random,1000,50,0.15,8412,6.07392,0,360,168,360,360,360,360,360,363,363,363,363,363
random,1000,50,0.15,8412,7.081911,0,308,109,308,308,308,308,308,309,309,309,309,309
random,1000,50,0.15,8412,8.103888,0,260,106,260,260,260,260,260,260,261,261,261,261
random,1000,50,0.15,8412,9.085905,0,226,76,226,226,226,226,226,227,227,227,227,227
random,1000,50,0.15,8412,10.043946,0,212,111,212,212,212,212,212,212,212,212,212,212
random,1000,50,0.15,8412,11.069919,0,172,51,172,172,172,172,172,172,172,172,172,172
random,1000,50,0.15,8412,12.081906,0,139,84,139,139,139,139,139,139,139,139,139,139
random,1000,50,0.15,8412,13.107879,0,130,52,130,130,130,130,130,130,130,130,130,130
random,1000,50,0.15,8412,14.167818,0,114,28,114,114,114,114,114,114,114,114,114,114
random,1000,50,0.15,8412,15.139845,0,97,27,97,97,97,97,97,97,97,97,97,97
random,1000,50,0.15,8412,16.225758,0,90,69,90,90,90,90,90,90,90,90,90,90
random,1000,50,0.15,8412,17.265717,0,72,22,72,72,72,72,72,72,72,72,72,72
random,1000,50,0.15,8412,18.361620000000002,0,61,61,61,61,61,61,61,61,61,61,61,61
random,1000,50,0.15,8412,19.295685,0,51,23,51,51,51,51,51,51,51,51,51,51
random,1000,50,0.15,8412,20.257722,0,49,20,49,49,49,49,49,49,49,49,49,49
random,1000,50,0.15,8412,21.293685,0,37,13,37,37,37,37,37,37,37,37,37,37
random,1000,50,0.15,8412,22.251725999999998,0,41,38,41,41,41,41,41,41,41,41,41,41
random,1000,50,0.15,8412,23.281695,0,34,13,34,34,34,34,34,34,34,34,34,34
random,1000,50,0.15,8412,24.279695999999998,0,31,9,31,31,31,31,31,31,31,31,31,31
random,1000,50,0.15,8412,25.297676999999997,0,28,11,28,28,28,28,28,28,28,28,28,28
scale,1000,50,0.15,8412,1.998,0,771,839,839,843,843,843,843,838,838,838,838,838
scale,1000,50,0.15,8412,3.9940019999999996,0,491,270,491,491,491,491,491,495,496,496,496,496
scale,1000,50,0.15,8412,5.988006,0,387,163,387,387,387,387,387,387,387,387,387,387
scale,1000,50,0.15,8412,7.980012,0,338,88,338,338,338,338,338,338,338,338,338,338
scale,1000,50,0.15,8412,9.97002,0,264,70,264,264,264,264,264,264,264,264,264,264
scale,1000,50,0.15,8412,11.958029999999999,0,222,41,222,222,222,222,222,222,222,222,222,222
scale,1000,50,0.15,8412,13.944042,0,227,37,227,227,227,227,227,227,227,227,227,227
scale,1000,50,0.15,8412,15.928056,0,137,28,137,137,137,137,137,137,137,137,137,137
scale,1000,50,0.15,8412,17.910072,0,132,70,132,132,132,132,132,132,132,132,132,132
scale,1000,50,0.15,8412,19.89009,0,91,18,91,91,91,91,91,91,91,91,91,91
scale,1000,50,0.15,8412,21.86811,0,76,17,76,76,76,76,76,76,76,76,76,76
scale,1000,50,0.15,8412,23.844132000000002,0,50,11,50,50,50,50,50,50,50,50,50,50
random,1000,50,0.15,2107,1.0139850000000001,0,932,949,953,953,952,952,951,949,949,949,949,949
random,1000,50,0.15,2107,1.9940039999999999,0,728,698,728,728,728,735,728,746,747,747,747,747
random,1000,50,0.15,2107,3.035961,0,591,458,591,591,591,591,591,598,598,598,598,598
random,1000,50,0.15,2107,4.03596,0,494,342,494,494,494,494,494,498,498,499,499,499
random,1000,50,0.15,2107,4.9920029999999995,0,451,238,451,451,451,451,451,451,451,451,451,451
random,1000,50,0.15,2107,6.03396,0,367,149,367,367,367,367,367,367,367,367,367,367
random,1000,50,0.15,2107,7.087905,0,325,118,325,325,325,325,325,325,325,325,325,325
random,1000,50,0.15,2107,8.077914,0,272,103,272,272,272,272,272,272,272,272,272,272
random,1000,50,0.15,2107,9.065925,0,255,110,255,255,255,255,255,255,255,255,255,255
random,1000,50,0.15,2107,10.02996,0,205,116,205,205,205,205,205,206,206,206,206,206
random,1000,50,0.15,2107,10.991997000000001,0,181,138,181,181,181,181,181,181,181,181,181,181
random,1000,50,0.15,2107,11.972016,0,164,41,164,164,164,164,164,164,164,164,164,164
random,1000,50,0.15,2107,13.017968999999999,0,128,67,128,128,128,128,128,128,128,128,128,128
random,1000,50,0.15,2107,14.019966,0,127,38,127,127,127,127,127,127,127,127,127,127
random,1000,50,0.15,2107,15.067917,0,106,25,106,106,106,106,106,106,106,106,106,106
random,1000,50,0.15,2107,16.01397,0,98,28,98,98,98,98,98,98,98,98,98,98
random,1000,50,0.15,2107,17.039943,0,82,33,82,82,82,82,82,82,82,82,82,82
random,1000,50,0.15,2107,18.035946,0,67,29,67,67,67,67,67,67,67,67,67,67
random,1000,50,0.15,2107,18.946035,0,58,18,58,58,58,58,58,58,58,58,58,58
random,1000,50,0.15,2107,19.938042,0,60,16,60,60,60,60,60,60,60,60,60,60
random,1000,50,0.15,2107,20.950029,0,46,16,46,46,46,46,46,46,46,46,46,46
random,1000,50,0.15,2107,22.019958,0,44,19,44,44,44,44,44,44,44,44,44,44
random,1000,50,0.15,2107,22.987989,0,38,14,38,38,38,38,38,38,38,38,38,38
random,1000,50,0.15,2107,24.031944,0,34,10,34,34,34,34,34,34,34,34,34,34
random,1000,50,0.15,2107,25.029945,0,36,9,36,36,36,36,36,36,36,36,36,36
scale,1000,50,0.15,2107,1.998,0,768,838,838,838,840,841,841,838,838,838,838,838
scale,1000,50,0.15,2107,3.9940019999999996,0,563,303,563,563,563,563,563,568,568,568,568,568
scale,1000,50,0.15,2107,5.988006,0,459,163,459,459,459,459,459,459,459,459,459,459
scale,1000,50,0.15,2107,7.980012,0,345,98,345,345,345,345,345,345,345,345,345,345
scale,1000,50,0.15,2107,9.97002,0,283,71,283,283,283,283,283,283,283,283,283,283
scale,1000,50,0.15,2107,11.958029999999999,0,230,45,230,230,230,230,230,230,230,230,230,230
scale,1000,50,0.15,2107,13.944042,0,171,30,171,171,171,171,171,171,171,171,171,171
scale,1000,50,0.15,2107,15.928056,0,125,27,125,125,125,125,125,125,125,125,125,125
scale,1000,50,0.15,2107,17.910072,0,158,65,158,158,158,158,158,158,158,158,158,158
scale,1000,50,0.15,2107,19.89009,0,106,30,106,106,106,106,106,106,106,106,106,106
scale,1000,50,0.15,2107,21.86811,0,87,33,87,87,87,87,87,87,87,87,87,87
scale,1000,50,0.15,2107,23.844132000000002,0,91,45,91,91,91,91,91,91,91,91,91,91
random,1000,50,0.15,959,0.992007,0,895,925,927,927,927,925,926,925,925,925,925,925
random,1000,50,0.15,959,2.0739240000000003,0,699,678,699,699,699,699,699,717,720,720,720,720
random,1000,50,0.15,959,3.051945,0,581,432,581,581,581,581,581,585,585,585,585,585
random,1000,50,0.15,959,4.0559400000000005,0,479,283,479,479,479,479,479,483,483,483,483,483
random,1000,50,0.15,959,5.009985,0,427,211,427,427,427,427,427,427,427,427,427,427
random,1000,50,0.15,959,5.926068,0,371,183,371,371,371,371,371,372,372,372,372,372
random,1000,50,0.15,959,6.934059,0,313,126,313,313,313,313,313,313,313,313,313,313
random,1000,50,0.15,959,7.95204,0,255,96,255,255,255,255,255,255,255,255,255,255
random,1000,50,0.15,959,8.968023,0,239,79,239,239,239,239,239,239,239,239,239,239
random,1000,50,0.15,959,10.015974,0,203,54,203,203,203,203,203,203,203,203,203,203
random,1000,50,0.15,959,10.989999000000001,0,178,65,178,178,178,178,178,178,178,178,178,178
random,1000,50,0.15,959,12.025962,0,139,59,139,139,139,139,139,139,139,139,139,139
random,1000,50,0.15,959,12.976011,0,128,37,128,128,128,128,128,128,128,128,128,128
random,1000,50,0.15,959,13.948038,0,118,94,118,118,118,118,118,118,118,118,118,118
random,1000,50,0.15,959,14.987997,0,93,29,93,93,93,93,93,93,93,93,93,93
random,1000,50,0.15,959,15.99399,0,93,93,93,93,93,93,93,93,93,93,93,93
random,1000,50,0.15,959,16.970012999999998,0,76,64,76,76,76,76,76,76,76,76,76,76
random,1000,50,0.15,959,17.902079999999998,0,67,22,67,67,67,67,67,67,67,67,67,67
random,1000,50,0.15,959,18.896085000000003,0,55,17,55,55,55,55,55,55,55,55,55,55
random,1000,50,0.15,959,19.894086,0,41,12,41,41,41,41,41,41,41,41,41,41
random,1000,50,0.15,959,20.900078999999998,0,40,25,40,40,40,40,40,40,40,40,40,40
random,1000,50,0.15,959,21.83814,0,41,13,41,41,41,41,41,41,41,41,41,41
random,1000,50,0.15,959,22.828149,0,30,14,30,30,30,30,30,30,30,30,30,30
random,1000,50,0.15,959,23.776200000000003,0,35,19,35,35,35,35,35,35,35,35,35,35
random,1000,50,0.15,959,24.742233000000002,0,26,11,26,26,26,26,26,26,26,26,26,26
scale,1000,50,0.15,959,1.998,0,770,849,849,849,849,849,852,849,849,849,849,849
scale,1000,50,0.15,959,3.9940019999999996,0,572,273,572,572,572,572,572,574,574,574,574,574
scale,1000,50,0.15,959,5.988006,0,413,197,413,413,413,413,413,413,413,413,413,413
scale,1000,50,0.15,959,7.980012,0,333,235,333,333,333,333,333,333,333,333,333,333
scale,1000,50,0.15,959,9.97002,0,309,66,309,309,309,309,309,309,309,309,309,309
scale,1000,50,0.15,959,11.958029999999999,0,216,129,216,216,216,216,216,216,216,216,216,216
scale,1000,50,0.15,959,13.944042,0,142,36,142,142,142,142,142,142,142,142,142,142
scale,1000,50,0.15,959,15.928056,0,163,37,163,163,163,163,163,163,163,163,163,163
scale,1000,50,0.15,959,17.910072,0,123,52,123,123,123,123,123,123,123,123,123,123
scale,1000,50,0.15,959,19.89009,0,128,22,128,128,128,128,128,128,128,128,128,128
scale,1000,50,0.15,959,21.86811,0,56,22,56,56,56,56,56,56,56,56,56,56
random,1000,50,0.15,3521,0.984015,0,907,931,935,932,936,934,935,933,933,933,933,933
scale,1000,50,0.15,959,23.844132000000002,0,69,12,69,69,69,69,69,69,69,69,69,69
random,1000,50,0.15,3521,2.003994,0,707,681,707,707,707,707,707,721,723,723,723,723
random,1000,50,0.15,3521,3.021975,0,572,480,572,572,572,572,572,580,580,580,580,580
random,1000,50,0.15,3521,4.039956,0,499,411,499,499,499,499,499,502,502,502,502,502
random,1000,50,0.15,3521,5.077917,0,399,214,399,399,399,399,399,402,402,402,402,402
random,1000,50,0.15,3521,6.087905999999999,0,369,303,369,369,369,369,369,369,369,369,369,369
random,1000,50,0.15,3521,7.151841,0,314,123,314,314,314,314,314,316,316,316,316,316
random,1000,50,0.15,3521,8.113878000000001,0,261,112,261,261,261,261,261,261,261,261,261,261
random,1000,50,0.15,3521,9.073917000000002,0,227,114,227,227,227,227,227,228,228,228,228,228
random,1000,50,0.15,3521,10.047941999999999,0,209,64,209,209,209,209,209,209,209,209,209,209
random,1000,50,0.15,3521,11.135853000000001,0,173,66,173,173,173,173,173,173,173,173,173,173
random,1000,50,0.15,3521,12.143844,0,160,38,160,160,160,160,160,160,160,160,160,160
random,1000,50,0.15,3521,13.143843,0,113,31,113,113,113,113,113,113,113,113,113,113
random,1000,50,0.15,3521,14.219766,0,120,86,120,120,120,120,120,120,120,120,120,120
random,1000,50,0.15,3521,15.217767,0,105,72,105,105,105,105,105,105,105,105,105,105
random,1000,50,0.15,3521,16.207776,0,84,79,84,84,84,84,84,84,84,84,84,84
random,1000,50,0.15,3521,17.225757,0,80,35,80,80,80,80,80,80,80,80,80,80
random,1000,50,0.15,3521,18.20178,0,68,34,68,68,68,68,68,68,68,68,68,68
random,1000,50,0.15,3521,19.225755000000003,0,50,16,50,50,50,50,50,50,50,50,50,50
random,1000,50,0.15,3521,20.259719999999998,0,39,15,39,39,39,39,39,39,39,39,39,39
random,1000,50,0.15,3521,21.309669,0,39,24,39,39,39,39,39,39,39,39,39,39
random,1000,50,0.15,3521,22.257720000000003,0,38,26,38,38,38,38,38,38,38,38,38,38
random,1000,50,0.15,3521,23.219757,0,31,11,31,31,31,31,31,31,31,31,31,31
random,1000,50,0.15,3521,24.259716,0,27,7,27,27,27,27,27,27,27,27,27,27
random,1000,50,0.15,3521,25.201773,0,27,11,27,27,27,27,27,27,27,27,27,27
scale,1000,50,0.15,3521,1.998,0,773,835,835,842,842,842,842,834,834,834,834,834
scale,1000,50,0.15,3521,3.9940019999999996,0,581,267,581,581,581,581,581,586,586,586,586,586
scale,1000,50,0.15,3521,5.988006,0,454,143,454,454,454,454,454,454,454,454,454,454
scale,1000,50,0.15,3521,7.980012,0,338,97,338,338,338,338,338,338,338,338,338,338
scale,1000,50,0.15,3521,9.97002,0,282,241,282,282,282,282,282,282,282,282,282,282
scale,1000,50,0.15,3521,11.958029999999999,0,226,141,226,226,226,226,226,226,226,226,226,226
scale,1000,50,0.15,3521,13.944042,0,162,50,162,162,162,162,162,162,162,162,162,162
scale,1000,50,0.15,3521,15.928056,0,113,36,113,113,113,113,113,113,113,113,113,113
scale,1000,50,0.15,3521,17.910072,0,115,22,115,115,115,115,115,115,115,115,115,115
scale,1000,50,0.15,3521,19.89009,0,80,21,80,80,80,80,80,80,80,80,80,80
scale,1000,50,0.15,3521,21.86811,0,65,16,65,65,65,65,65,65,65,65,65,65
scale,1000,50,0.15,3521,23.844132000000002,0,53,13,53,53,53,53,53,53,53,53,53,53
random,1000,50,0.25,591,1.023975,0,834,875,875,878,878,876,878,876,876,876,876,876
random,1000,50,0.25,591,2.025972,0,571,605,605,605,605,605,610,620,620,620,621,623
random,1000,50,0.25,591,3.053943,0,419,389,419,419,419,419,419,440,441,441,441,441
random,1000,50,0.25,591,4.073922,0,304,247,304,304,304,304,304,312,313,314,314,314
random,1000,50,0.25,591,5.147847,0,232,172,232,232,232,232,232,235,236,237,237,237
random,1000,50,0.25,591,6.181812,0,180,116,180,180,180,180,180,180,180,180,180,181
random,1000,50,0.25,591,7.103889000000001,0,130,93,130,130,130,130,130,132,133,134,135,135
random,1000,50,0.25,591,8.159832,0,88,73,88,88,88,88,88,88,88,88,89,90
random,1000,50,0.25,591,9.161829000000001,0,96,63,96,96,96,96,96,96,96,96,96,96
random,1000,50,0.25,591,10.161828,0,69,49,69,69,69,69,69,70,70,70,70,70
random,1000,50,0.25,591,11.157831,0,61,38,61,61,61,61,61,61,61,61,61,61
random,1000,50,0.25,591,12.243744,0,38,31,38,38,38,38,38,38,38,38,38,38
random,1000,50,0.25,591,13.229757,0,31,23,31,31,31,31,31,31,31,31,31,31
random,1000,50,0.25,591,14.097888,0,27,21,27,27,27,27,27,27,27,27,27,27
random,1000,50,0.25,591,15.061923,0,20,19,20,20,20,20,20,20,20,20,20,20
random,1000,50,0.25,591,16.00398,0,16,16,16,16,16,16,16,16,16,16,16,16
random,1000,50,0.25,591,17.061921,0,11,12,12,12,12,12,12,12,12,12,12,12
random,1000,50,0.25,591,18.065915999999998,0,13,13,13,13,13,13,13,13,13,13,13,13
random,1000,50,0.25,591,19.045935,0,12,11,12,12,12,12,12,12,12,12,12,12
random,1000,50,0.25,591,19.983996,0,5,5,5,5,5,5,5,5,5,5,5,5
random,1000,50,0.25,591,20.944035,0,6,6,6,6,6,6,6,6,6,6,6,6
random,1000,50,0.25,591,21.870108,0,7,6,7,7,7,7,7,7,7,7,7,7
random,1000,50,0.25,591,22.938039,0,3,5,5,5,5,5,5,5,5,5,5,5
random,1000,50,0.25,591,23.979996,0,4,6,6,6,6,6,6,6,6,6,6,6
random,1000,50,0.25,591,25.025949,0,3,6,6,6,6,6,6,6,6,6,6,6
scale,1000,50,0.25,591,1.998,0,653,734,734,734,735,738,739,732,732,732,732,732
scale,1000,50,0.25,591,3.9940019999999996,0,314,210,314,314,314,314,314,329,337,341,341,341
scale,1000,50,0.25,591,5.988006,0,261,118,261,261,261,261,261,261,261,261,261,261
scale,1000,50,0.25,591,7.980012,0,170,80,170,170,170,170,170,170,170,170,170,170
scale,1000,50,0.25,591,9.97002,0,111,46,111,111,111,111,111,111,111,111,111,111
scale,1000,50,0.25,591,11.958029999999999,0,99,29,99,99,99,99,99,99,99,99,99,99
scale,1000,50,0.25,591,13.944042,0,80,36,80,80,80,80,80,80,80,80,80,80
scale,1000,50,0.25,591,15.928056,0,33,20,33,33,33,33,33,33,33,33,33,33
scale,1000,50,0.25,591,17.910072,0,26,26,26,26,26,26,26,26,26,26,26,26
scale,1000,50,0.25,591,19.89009,0,23,12,23,23,23,23,23,23,23,23,23,23
scale,1000,50,0.25,591,21.86811,0,22,11,22,22,22,22,22,22,22,22,22,22
scale,1000,50,0.25,591,23.844132000000002,0,19,10,19,19,19,19,19,19,19,19,19,19
random,1000,50,0.25,8412,0.9900089999999999,0,849,883,884,885,885,884,884,883,883,883,883,883
random,1000,50,0.25,8412,1.9620360000000001,0,591,627,627,627,627,627,627,635,635,636,636,636
random,1000,50,0.25,8412,2.948049,0,433,442,442,442,442,442,442,450,450,450,451,453
random,1000,50,0.25,8412,3.97602,0,351,283,351,351,351,351,351,365,367,368,368,369
random,1000,50,0.25,8412,5.043951,0,239,185,239,239,239,239,239,244,247,248,248,248
random,1000,50,0.25,8412,6.07392,0,172,128,172,172,172,172,172,175,176,181,182,182
random,1000,50,0.25,8412,7.081911,0,126,94,126,126,126,126,126,127,129,130,131,133
random,1000,50,0.25,8412,8.103888,0,100,70,100,100,100,100,100,101,101,101,101,102
random,1000,50,0.25,8412,9.085905,0,80,55,80,80,80,80,80,80,80,81,81,81
random,1000,50,0.25,8412,10.043946,0,59,48,59,59,59,59,59,59,59,59,59,59
random,1000,50,0.25,8412,11.069919,0,46,37,46,46,46,46,46,46,46,46,46,46
random,1000,50,0.25,8412,12.081906,0,39,31,39,39,39,39,39,39,39,39,39,39
random,1000,50,0.25,8412,13.107879,0,38,27,38,38,38,38,38,38,38,38,38,38
random,1000,50,0.25,8412,14.167818,0,20,19,20,20,20,20,20,20,20,20,20,20
random,1000,50,0.25,8412,15.139845,0,17,20,20,20,20,20,20,20,20,20,20,20
random,1000,50,0.25,8412,16.225758,0,20,18,20,20,20,20,20,20,20,20,20,20
random,1000,50,0.25,8412,17.265717,0,17,15,17,17,17,17,17,17,17,17,17,17
random,1000,50,0.25,8412,18.361620000000002,0,12,11,12,12,12,12,12,12,12,12,12,12
random,1000,50,0.25,8412,19.295685,0,11,10,11,11,11,11,11,11,11,11,11,11
random,1000,50,0.25,8412,20.257722,0,7,11,11,11,11,11,11,11,11,11,11,11
random,1000,50,0.25,8412,21.293685,0,5,8,8,8,8,8,8,8,8,8,8,8
random,1000,50,0.25,8412,22.251725999999998,0,6,5,6,6,6,6,6,6,6,6,6,6
random,1000,50,0.25,8412,23.281695,0,3,4,4,4,4,4,4,4,4,4,4,4
random,1000,50,0.25,8412,24.279695999999998,0,4,6,6,6,6,6,6,6,6,6,6,6
random,1000,50,0.25,8412,25.297676999999997,0,4,4,4,4,4,4,4,4,4,4,4,4
scale,1000,50,0.25,8412,1.998,0,648,741,741,741,741,741,742,739,739,739,739,739
scale,1000,50,0.25,8412,3.9940019999999996,0,332,229,332,332,332,332,332,351,357,357,358,359
scale,1000,50,0.25,8412,5.988006,0,231,109,231,231,231,231,231,231,231,231,232,232
scale,1000,50,0.25,8412,7.980012,0,175,73,175,175,175,175,175,175,175,175,175,175
scale,1000,50,0.25,8412,9.97002,0,93,45,93,93,93,93,93,93,93,93,93,93
scale,1000,50,0.25,8412,11.958029999999999,0,82,36,82,82,82,82,82,82,82,82,82,82
scale,1000,50,0.25,8412,13.944042,0,75,27,75,75,75,75,75,75,75,75,75,75
scale,1000,50,0.25,8412,15.928056,0,36,20,36,36,36,36,36,36,36,36,36,36
scale,1000,50,0.25,8412,17.910072,0,41,18,41,41,41,41,41,41,41,41,41,41
scale,1000,50,0.25,8412,19.89009,0,32,14,32,32,32,32,32,32,32,32,32,32
scale,1000,50,0.25,8412,21.86811,0,13,13,13,13,13,13,13,13,13,13,13,13
random,1000,50,0.25,2107,1.0139850000000001,0,839,882,884,885,883,886,885,885,885,885,885,885
scale,1000,50,0.25,8412,23.844132000000002,0,7,6,7,7,7,7,7,7,7,7,7,7
random,1000,50,0.25,2107,1.9940039999999999,0,568,606,606,606,606,606,606,620,623,623,626,627
random,1000,50,0.25,2107,3.035961,0,406,390,406,406,406,406,406,428,429,430,430,430
random,1000,50,0.25,2107,4.03596,0,299,262,299,299,299,299,299,310,314,314,314,314
random,1000,50,0.25,2107,4.9920029999999995,0,246,185,246,246,246,246,246,252,256,257,257,257
random,1000,50,0.25,2107,6.03396,0,179,124,179,179,179,179,179,181,181,182,182,182
random,1000,50,0.25,2107,7.087905,0,153,92,153,153,153,153,153,153,153,153,153,153
random,1000,50,0.25,2107,8.077914,0,110,83,110,110,110,110,110,110,110,110,111,111
random,1000,50,0.25,2107,9.065925,0,91,60,91,91,91,91,91,91,91,91,91,92
random,1000,50,0.25,2107,10.02996,0,68,51,68,68,68,68,68,69,69,69,69,69
random,1000,50,0.25,2107,10.991997000000001,0,54,39,54,54,54,54,54,54,54,54,54,54
random,1000,50,0.25,2107,11.972016,0,50,35,50,50,50,50,50,50,50,50,50,50
random,1000,50,0.25,2107,13.017968999999999,0,34,27,34,34,34,34,34,34,34,34,34,34
random,1000,50,0.25,2107,14.019966,0,22,22,22,22,22,22,22,22,22,22,22,22
random,1000,50,0.25,2107,15.067917,0,24,18,24,24,24,24,24,24,24,24,24,24
random,1000,50,0.25,2107,16.01397,0,18,17,18,18,18,18,18,18,18,18,18,18
random,1000,50,0.25,2107,17.039943,0,15,15,15,15,15,15,15,15,15,15,15,15
random,1000,50,0.25,2107,18.035946,0,7,10,10,10,10,10,10,10,10,10,10,10
random,1000,50,0.25,2107,18.946035,0,8,8,8,8,8,8,8,8,8,8,8,8
random,1000,50,0.25,2107,19.938042,0,9,9,9,9,9,9,9,9,9,9,9,9
random,1000,50,0.25,2107,20.950029,0,8,10,10,10,10,10,10,10,10,10,10,10
random,1000,50,0.25,2107,22.019958,0,9,9,9,9,9,9,9,9,9,9,9,9
random,1000,50,0.25,2107,22.987989,0,4,5,5,5,5,5,5,5,5,5,5,5
random,1000,50,0.25,2107,24.031944,0,4,6,6,6,6,6,6,6,6,6,6,6
random,1000,50,0.25,2107,25.029945,0,3,4,4,4,4,4,4,4,4,4,4,4
scale,1000,50,0.25,2107,1.998,0,647,738,738,739,738,742,741,739,739,739,739,739
scale,1000,50,0.25,2107,3.9940019999999996,0,381,241,381,381,381,381,381,384,389,389,389,389
scale,1000,50,0.25,2107,5.988006,0,248,108,248,248,248,248,248,248,249,249,250,250
scale,1000,50,0.25,2107,7.980012,0,164,72,164,164,164,164,164,164,164,164,164,164
scale,1000,50,0.25,2107,9.97002,0,132,47,132,132,132,132,132,132,132,132,132,132
scale,1000,50,0.25,2107,11.958029999999999,0,86,29,86,86,86,86,86,86,86,86,86,86
scale,1000,50,0.25,2107,13.944042,0,38,25,38,38,38,38,38,38,38,38,38,38
scale,1000,50,0.25,2107,15.928056,0,43,22,43,43,43,43,43,43,43,43,43,43
scale,1000,50,0.25,2107,17.910072,0,46,14,46,46,46,46,46,46,46,46,46,46
scale,1000,50,0.25,2107,19.89009,0,31,12,31,31,31,31,31,31,31,31,31,31
scale,1000,50,0.25,2107,21.86811,0,17,11,17,17,17,17,17,17,17,17,17,17
scale,1000,50,0.25,2107,23.844132000000002,0,13,8,13,13,13,13,13,13,13,13,13,13
random,1000,50,0.25,959,0.992007,0,844,879,879,879,879,879,879,880,880,880,880,880
random,1000,50,0.25,959,2.0739240000000003,0,553,597,597,597,597,597,597,605,606,606,606,609
random,1000,50,0.25,959,3.051945,0,410,375,410,410,410,410,410,426,428,429,430,430
random,1000,50,0.25,959,4.0559400000000005,0,292,240,292,292,292,292,292,305,306,308,309,309
random,1000,50,0.25,959,5.009985,0,251,190,251,251,251,251,251,255,260,262,262,262
random,1000,50,0.25,959,5.926068,0,207,131,207,207,207,207,207,209,209,210,211,211
random,1000,50,0.25,959,6.934059,0,145,101,145,145,145,145,145,147,149,151,152,152
random,1000,50,0.25,959,7.95204,0,104,84,104,104,104,104,104,104,106,106,106,107
random,1000,50,0.25,959,8.968023,0,106,57,106,106,106,106,106,107,107,107,107,107
random,1000,50,0.25,959,10.015974,0,69,46,69,69,69,69,69,69,69,69,69,69
random,1000,50,0.25,959,10.989999000000001,0,62,39,62,62,62,62,62,62,62,62,62,62
random,1000,50,0.25,959,12.025962,0,46,40,46,46,46,46,46,46,46,46,46,46
random,1000,50,0.25,959,12.976011,0,29,30,30,30,30,30,30,30,30,30,30,30
random,1000,50,0.25,959,13.948038,0,27,23,27,27,27,27,27,27,27,27,27,27
random,1000,50,0.25,959,14.987997,0,19,18,19,19,19,19,19,19,19,19,19,19
random,1000,50,0.25,959,15.99399,0,22,16,22,22,22,22,22,22,22,22,22,22
random,1000,50,0.25,959,16.970012999999998,0,18,18,18,18,18,18,18,18,18,18,18,18
random,1000,50,0.25,959,17.902079999999998,0,17,14,17,17,17,17,17,17,17,17,17,17
random,1000,50,0.25,959,18.896085000000003,0,8,14,14,14,14,14,14,14,14,14,14,14
random,1000,50,0.25,959,19.894086,0,6,10,10,10,10,10,10,10,10,10,10,10
random,1000,50,0.25,959,20.900078999999998,0,6,9,9,9,9,9,9,9,9,9,9,9
random,1000,50,0.25,959,21.83814,0,7,9,9,9,9,9,9,9,9,9,9,9
random,1000,50,0.25,959,22.828149,0,4,6,6,6,6,6,6,6,6,6,6,6
random,1000,50,0.25,959,23.776200000000003,0,5,6,6,6,6,6,6,6,6,6,6,6
random,1000,50,0.25,959,24.742233000000002,0,4,6,6,6,6,6,6,6,6,6,6,6
scale,1000,50,0.25,959,1.998,0,656,742,742,742,744,747,745,743,743,743,743,743
scale,1000,50,0.25,959,3.9940019999999996,0,406,233,406,406,406,406,406,409,410,410,410,410
scale,1000,50,0.25,959,5.988006,0,205,112,205,205,205,205,205,205,205,205,206,206
scale,1000,50,0.25,959,7.980012,0,158,70,158,158,158,158,158,158,158,158,158,158
scale,1000,50,0.25,959,9.97002,0,138,48,138,138,138,138,138,138,138,138,138,138
scale,1000,50,0.25,959,11.958029999999999,0,68,32,68,68,68,68,68,68,68,68,68,68
scale,1000,50,0.25,959,13.944042,0,46,21,46,46,46,46,46,46,46,46,46,46
scale,1000,50,0.25,959,15.928056,0,43,18,43,43,43,43,43,43,43,43,43,43
scale,1000,50,0.25,959,17.910072,0,35,14,35,35,35,35,35,35,35,35,35,35
scale,1000,50,0.25,959,19.89009,0,22,15,22,22,22,22,22,22,22,22,22,22
scale,1000,50,0.25,959,21.86811,0,9,8,9,9,9,9,9,9,9,9,9,9
scale,1000,50,0.25,959,23.844132000000002,0,10,8,10,10,10,10,10,10,10,10,10,10
random,1000,50,0.25,3521,0.984015,0,840,882,884,888,889,884,888,886,886,886,886,886
random,1000,50,0.25,3521,2.003994,0,593,620,620,620,620,620,620,626,626,628,628,628
random,1000,50,0.25,3521,3.021975,0,415,402,415,415,415,415,415,439,441,441,441,442
random,1000,50,0.25,3521,4.039956,0,312,267,312,312,312,312,312,323,324,324,324,324
random,1000,50,0.25,3521,5.077917,0,232,179,232,232,232,232,232,239,244,246,246,246
random,1000,50,0.25,3521,6.087905999999999,0,194,144,194,194,194,194,194,196,196,199,199,199
random,1000,50,0.25,3521,7.151841,0,153,97,153,153,153,153,153,153,153,157,158,158
random,1000,50,0.25,3521,8.113878000000001,0,98,74,98,98,98,98,98,98,99,99,101,101
random,1000,50,0.25,3521,9.073917000000002,0,93,58,93,93,93,93,93,93,94,94,94,95
random,1000,50,0.25,3521,10.047941999999999,0,76,49,76,76,76,76,76,76,76,76,76,76
random,1000,50,0.25,3521,11.135853000000001,0,64,40,64,64,64,64,64,64,64,64,64,64
random,1000,50,0.25,3521,12.143844,0,35,26,35,35,35,35,35,35,35,35,35,35
random,1000,50,0.25,3521,13.143843,0,31,27,31,31,31,31,31,31,31,31,31,31
random,1000,50,0.25,3521,14.219766,0,29,24,29,29,29,29,29,29,29,29,29,29
random,1000,50,0.25,3521,15.217767,0,23,22,23,23,23,23,23,23,23,23,23,23
random,1000,50,0.25,3521,16.207776,0,15,16,16,16,16,16,16,16,16,16,16,16
random,1000,50,0.25,3521,17.225757,0,20,16,20,20,20,20,20,20,20,20,20,20
random,1000,50,0.25,3521,18.20178,0,13,14,14,14,14,14,14,14,14,14,14,14
random,1000,50,0.25,3521,19.225755000000003,0,12,13,13,13,13,13,13,13,13,13,13,13
random,1000,50,0.25,3521,20.259719999999998,0,6,8,8,8,8,8,8,8,8,8,8,8
random,1000,50,0.25,3521,21.309669,0,7,8,8,8,8,8,8,8,8,8,8,8
random,1000,50,0.25,3521,22.257720000000003,0,7,5,7,7,7,7,7,7,7,7,7,7
random,1000,50,0.25,3521,23.219757,0,6,7,7,7,7,7,7,7,7,7,7,7
random,1000,50,0.25,3521,24.259716,0,2,4,4,4,4,4,4,4,4,4,4,4
random,1000,50,0.25,3521,25.201773,0,2,4,4,4,4,4,4,4,4,4,4,4
scale,1000,50,0.25,3521,1.998,0,649,733,733,733,738,743,743,737,737,737,737,737
scale,1000,50,0.25,3521,3.9940019999999996,0,364,216,364,364,364,364,364,375,377,378,378,378
scale,1000,50,0.25,3521,5.988006,0,247,102,247,247,247,247,247,247,247,247,247,247
scale,1000,50,0.25,3521,7.980012,0,179,73,179,179,179,179,179,179,179,179,179,179
scale,1000,50,0.25,3521,9.97002,0,122,44,122,122,122,122,122,122,122,122,122,122
scale,1000,50,0.25,3521,11.958029999999999,0,85,34,85,85,85,85,85,85,85,85,85,85
scale,1000,50,0.25,3521,13.944042,0,48,23,48,48,48,48,48,48,48,48,48,48
scale,1000,50,0.25,3521,15.928056,0,31,20,31,31,31,31,31,31,31,31,31,31
scale,1000,50,0.25,3521,17.910072,0,29,15,29,29,29,29,29,29,29,29,29,29
scale,1000,50,0.25,3521,19.89009,0,10,14,14,14,14,14,14,14,14,14,14,14
scale,1000,50,0.25,3521,21.86811,0,11,11,11,11,11,11,11,11,11,11,11,11
scale,1000,50,0.25,3521,23.844132000000002,0,9,8,9,9,9,9,9,9,9,9,9,9
