c FILE tuningInstances/random52.txt
c SOURCE This is a random graph formed for the happy graph colouring problem.
c DESCRIPTION It was generated using the problem generator of Rhyd Lewis
c
c GRAPH STATS
c Seed                             = 54321
c Number of Nodes                  = 1000
c Edge probability defined by user = 0
c Number of colours k              = 10
c Number of pre-assignments        = 250
c Actual density                   = 0
c 
c The degrees of nodes 1 to 1000, respectively, are as follows 
c [0, 0, 0, 0, 0, 0, 0, 0, 0, 0, 0, 0, 0, 0, 0, 0, 0, 0, 0, 0, 0, 0, 0, 0, 0, 0, 
c  0, 0, 0, 0, 0, 0, 0, 0, 0, 0, 0, 0, 0, 0, 0, 0, 0, 0, 0, 0, 0, 0, 0, 0, 0, 
c  0, 0, 0, 0, 0, 0, 0, 0, 0, 0, 0, 0, 0, 0, 0, 0, 0, 0, 0, 0, 0, 0, 0, 0, 0, 
c  0, 0, 0, 0, 0, 0, 0, 0, 0, 0, 0, 0, 0, 0, 0, 0, 0, 0, 0, 0, 0, 0, 0, 0, 0, 
c  0, 0, 0, 0, 0, 0, 0, 0, 0, 0, 0, 0, 0, 0, 0, 0, 0, 0, 0, 0, 0, 0, 0, 0, 0, 
c  0, 0, 0, 0, 0, 0, 0, 0, 0, 0, 0, 0, 0, 0, 0, 0, 0, 0, 0, 0, 0, 0, 0, 0, 0, 
c  0, 0, 0, 0, 0, 0, 0, 0, 0, 0, 0, 0, 0, 0, 0, 0, 0, 0, 0, 0, 0, 0, 0, 0, 0, 
c  0, 0, 0, 0, 0, 0, 0, 0, 0, 0, 0, 0, 0, 0, 0, 0, 0, 0, 0, 0, 0, 0, 0, 0, 0, 
c  0, 0, 0, 0, 0, 0, 0, 0, 0, 0, 0, 0, 0, 0, 0, 0, 0, 0, 0, 0, 0, 0, 0, 0, 0, 
c  0, 0, 0, 0, 0, 0, 0, 0, 0, 0, 0, 0, 0, 0, 0, 0, 0, 0, 0, 0, 0, 0, 0, 0, 0, 
c  0, 0, 0, 0, 0, 0, 0, 0, 0, 0, 0, 0, 0, 0, 0, 0, 0, 0, 0, 0, 0, 0, 0, 0, 0, 
c  0, 0, 0, 0, 0, 0, 0, 0, 0, 0, 0, 0, 0, 0, 0, 0, 0, 0, 0, 0, 0, 0, 0, 0, 0, 
c  0, 0, 0, 0, 0, 0, 0, 0, 0, 0, 0, 0, 0, 0, 0, 0, 0, 0, 0, 0, 0, 0, 0, 0, 0, 
c  0, 0, 0, 0, 0, 0, 0, 0, 0, 0, 0, 0, 0, 0, 0, 0, 0, 0, 0, 0, 0, 0, 0, 0, 0, 
c  0, 0, 0, 0, 0, 0, 0, 0, 0, 0, 0, 0, 0, 0, 0, 0, 0, 0, 0, 0, 0, 0, 0, 0, 0, 
c  0, 0, 0, 0, 0, 0, 0, 0, 0, 0, 0, 0, 0, 0, 0, 0, 0, 0, 0, 0, 0, 0, 0, 0, 0, 
c  0, 0, 0, 0, 0, 0, 0, 0, 0, 0, 0, 0, 0, 0, 0, 0, 0, 0, 0, 0, 0, 0, 0, 0, 0, 
c  0, 0, 0, 0, 0, 0, 0, 0, 0, 0, 0, 0, 0, 0, 0, 0, 0, 0, 0, 0, 0, 0, 0, 0, 0, 
c  0, 0, 0, 0, 0, 0, 0, 0, 0, 0, 0, 0, 0, 0, 0, 0, 0, 0, 0, 0, 0, 0, 0, 0, 0, 
c  0, 0, 0, 0, 0, 0, 0, 0, 0, 0, 0, 0, 0, 0, 0, 0, 0, 0, 0, 0, 0, 0, 0, 0, 0, 
c  0, 0, 0, 0, 0, 0, 0, 0, 0, 0, 0, 0, 0, 0, 0, 0, 0, 0, 0, 0, 0, 0, 0, 0, 0, 
c  0, 0, 0, 0, 0, 0, 0, 0, 0, 0, 0, 0, 0, 0, 0, 0, 0, 0, 0, 0, 0, 0, 0, 0, 0, 
c  0, 0, 0, 0, 0, 0, 0, 0, 0, 0, 0, 0, 0, 0, 0, 0, 0, 0, 0, 0, 0, 0, 0, 0, 0, 
c  0, 0, 0, 0, 0, 0, 0, 0, 0, 0, 0, 0, 0, 0, 0, 0, 0, 0, 0, 0, 0, 0, 0, 0, 0, 
c  0, 0, 0, 0, 0, 0, 0, 0, 0, 0, 0, 0, 0, 0, 0, 0, 0, 0, 0, 0, 0, 0, 0, 0, 0, 
c  0, 0, 0, 0, 0, 0, 0, 0, 0, 0, 0, 0, 0, 0, 0, 0, 0, 0, 0, 0, 0, 0, 0, 0, 0, 
c  0, 0, 0, 0, 0, 0, 0, 0, 0, 0, 0, 0, 0, 0, 0, 0, 0, 0, 0, 0, 0, 0, 0, 0, 0, 
c  0, 0, 0, 0, 0, 0, 0, 0, 0, 0, 0, 0, 0, 0, 0, 0, 0, 0, 0, 0, 0, 0, 0, 0, 0, 
c  0, 0, 0, 0, 0, 0, 0, 0, 0, 0, 0, 0, 0, 0, 0, 0, 0, 0, 0, 0, 0, 0, 0, 0, 0, 
c  0, 0, 0, 0, 0, 0, 0, 0, 0, 0, 0, 0, 0, 0, 0, 0, 0, 0, 0, 0, 0, 0, 0, 0, 0, 
c  0, 0, 0, 0, 0, 0, 0, 0, 0, 0, 0, 0, 0, 0, 0, 0, 0, 0, 0, 0, 0, 0, 0, 0, 0, 
c  0, 0, 0, 0, 0, 0, 0, 0, 0, 0, 0, 0, 0, 0, 0, 0, 0, 0, 0, 0, 0, 0, 0, 0, 0, 
c  0, 0, 0, 0, 0, 0, 0, 0, 0, 0, 0, 0, 0, 0, 0, 0, 0, 0, 0, 0, 0, 0, 0, 0, 0, 
c  0, 0, 0, 0, 0, 0, 0, 0, 0, 0, 0, 0, 0, 0, 0, 0, 0, 0, 0, 0, 0, 0, 0, 0, 0, 
c  0, 0, 0, 0, 0, 0, 0, 0, 0, 0, 0, 0, 0, 0, 0, 0, 0, 0, 0, 0, 0, 0, 0, 0, 0, 
c  0, 0, 0, 0, 0, 0, 0, 0, 0, 0, 0, 0, 0, 0, 0, 0, 0, 0, 0, 0, 0, 0, 0, 0, 0, 
c  0, 0, 0, 0, 0, 0, 0, 0, 0, 0, 0, 0, 0, 0, 0, 0, 0, 0, 0, 0, 0, 0, 0, 0, 0, 
c  0, 0, 0, 0, 0, 0, 0, 0, 0, 0, 0, 0, 0, 0, 0, 0, 0, 0, 0, 0, 0, 0, 0, 0, 0, 
c  0, 0, 0, 0, 0, 0, 0, 0, 0, 0, 0, 0, 0, 0, 0, 0, 0, 0, 0, 0, 0, 0, 0, 0, 0, 
c  0, 0, 0, 0, 0, 0, 0, 0, 0, 0, 0, 0, 0, 0, 0, 0, 0, 0, 0, 0, 0, 0, 0, 0] 
c  
p edge 1000 0 10
n 3 2
n 6 4
n 12 7
n 14 4
n 23 7
n 25 1
n 34 9
n 37 7
n 40 9
n 41 3
n 48 3
n 50 5
n 55 6
n 61 5
n 67 7
n 68 1
n 69 1
n 72 9
n 73 7
n 75 3
n 76 8
n 77 4
n 85 3
n 87 9
n 97 9
n 101 5
n 103 3
n 106 8
n 110 9
n 122 10
n 124 7
n 127 7
n 128 4
n 130 9
n 136 7
n 142 5
n 143 4
n 144 8
n 145 8
n 149 4
n 150 1
n 152 7
n 156 9
n 160 4
n 167 2
n 170 2
n 175 4
n 177 3
n 178 5
n 185 1
n 196 10
n 197 4
n 198 5
n 202 8
n 203 7
n 206 6
n 216 5
n 217 5
n 219 1
n 235 9
n 237 1
n 239 3
n 246 1
n 247 10
n 249 6
n 251 9
n 252 7
n 265 5
n 273 7
n 285 7
n 292 8
n 298 1
n 299 6
n 300 5
n 301 4
n 310 7
n 316 4
n 327 7
n 333 4
n 336 10
n 338 9
n 351 9
n 354 3
n 357 8
n 359 1
n 366 9
n 368 7
n 371 4
n 372 7
n 374 8
n 375 2
n 377 5
n 379 4
n 390 3
n 391 10
n 392 6
n 397 7
n 399 8
n 405 1
n 406 4
n 413 6
n 418 10
n 419 7
n 422 9
n 427 8
n 433 4
n 444 4
n 445 10
n 446 2
n 449 6
n 456 1
n 458 6
n 460 1
n 461 7
n 463 3
n 466 10
n 469 8
n 474 5
n 476 5
n 477 4
n 479 4
n 486 1
n 487 5
n 488 6
n 490 2
n 494 1
n 496 8
n 501 4
n 515 8
n 519 2
n 529 1
n 530 4
n 534 1
n 536 4
n 538 8
n 543 5
n 545 6
n 550 10
n 556 1
n 560 9
n 568 5
n 574 1
n 578 10
n 590 8
n 599 5
n 607 5
n 609 10
n 611 6
n 612 9
n 621 5
n 622 10
n 623 5
n 624 7
n 640 4
n 643 3
n 645 9
n 646 9
n 649 3
n 654 9
n 657 5
n 668 2
n 672 10
n 673 5
n 676 7
n 679 4
n 680 6
n 681 8
n 682 3
n 683 7
n 685 9
n 689 3
n 690 1
n 691 6
n 693 10
n 695 8
n 696 1
n 698 3
n 703 1
n 705 7
n 710 2
n 722 8
n 725 6
n 730 2
n 736 3
n 740 10
n 742 6
n 743 4
n 754 10
n 757 9
n 766 9
n 770 9
n 773 1
n 776 8
n 785 4
n 789 3
n 792 10
n 798 9
n 804 6
n 807 3
n 812 10
n 817 8
n 818 7
n 821 6
n 824 9
n 826 3
n 834 1
n 843 6
n 845 8
n 850 5
n 852 5
n 857 4
n 861 6
n 867 10
n 869 8
n 870 6
n 873 5
n 874 10
n 877 4
n 878 8
n 883 10
n 885 4
n 886 2
n 897 5
n 899 5
n 902 5
n 906 3
n 913 3
n 915 6
n 916 5
n 922 5
n 923 9
n 924 4
n 932 1
n 941 8
n 944 7
n 945 4
n 947 7
n 948 2
n 949 8
n 953 3
n 958 10
n 965 6
n 974 10
n 976 5
n 981 10
n 985 4
n 990 9
n 993 5
n 996 1
n 997 4
