c FILE tuningInstances/random105.txt
c SOURCE This is a random graph formed for the happy graph colouring problem.
c DESCRIPTION It was generated using the problem generator of Rhyd Lewis
c
c GRAPH STATS
c Seed                             = 54321
c Number of Nodes                  = 1000
c Edge probability defined by user = 0.001001
c Number of colours k              = 50
c Number of pre-assignments        = 150
c Actual density                   = 0.00101702
c 
c The degrees of nodes 1 to 1000, respectively, are as follows 
c [6, 6, 6, 5, 5, 5, 4, 4, 4, 4, 4, 4, 4, 4, 4, 4, 4, 4, 4, 3, 3, 3, 3, 3, 3, 3, 
c  3, 3, 3, 3, 3, 3, 3, 3, 3, 3, 3, 3, 3, 3, 3, 3, 3, 3, 3, 3, 3, 3, 3, 3, 3, 
c  3, 3, 3, 3, 3, 3, 3, 3, 3, 3, 3, 3, 3, 3, 3, 3, 3, 3, 3, 3, 3, 3, 3, 3, 3, 
c  3, 3, 3, 3, 3, 3, 3, 3, 3, 3, 3, 3, 3, 3, 3, 3, 3, 3, 3, 3, 3, 2, 2, 2, 2, 
c  2, 2, 2, 2, 2, 2, 2, 2, 2, 2, 2, 2, 2, 2, 2, 2, 2, 2, 2, 2, 2, 2, 2, 2, 2, 
c  2, 2, 2, 2, 2, 2, 2, 2, 2, 2, 2, 2, 2, 2, 2, 2, 2, 2, 2, 2, 2, 2, 2, 2, 2, 
c  2, 2, 2, 2, 2, 2, 2, 2, 2, 2, 2, 2, 2, 2, 2, 2, 2, 2, 2, 2, 2, 2, 2, 2, 2, 
c  2, 2, 2, 2, 2, 2, 2, 2, 2, 2, 2, 2, 2, 2, 2, 2, 2, 2, 2, 2, 2, 2, 2, 2, 2, 
c  2, 2, 2, 2, 2, 2, 2, 2, 2, 2, 2, 2, 2, 2, 2, 2, 2, 2, 2, 2, 2, 2, 2, 2, 2, 
c  2, 2, 2, 2, 2, 2, 2, 2, 2, 2, 2, 2, 2, 2, 2, 2, 2, 2, 2, 2, 2, 2, 2, 2, 2, 
c  2, 2, 2, 2, 2, 2, 2, 2, 1, 1, 1, 1, 1, 1, 1, 1, 1, 1, 1, 1, 1, 1, 1, 1, 1, 
c  1, 1, 1, 1, 1, 1, 1, 1, 1, 1, 1, 1, 1, 1, 1, 1, 1, 1, 1, 1, 1, 1, 1, 1, 1, 
c  1, 1, 1, 1, 1, 1, 1, 1, 1, 1, 1, 1, 1, 1, 1, 1, 1, 1, 1, 1, 1, 1, 1, 1, 1, 
c  1, 1, 1, 1, 1, 1, 1, 1, 1, 1, 1, 1, 1, 1, 1, 1, 1, 1, 1, 1, 1, 1, 1, 1, 1, 
c  1, 1, 1, 1, 1, 1, 1, 1, 1, 1, 1, 1, 1, 1, 1, 1, 1, 1, 1, 1, 1, 1, 1, 1, 1, 
c  1, 1, 1, 1, 1, 1, 1, 1, 1, 1, 1, 1, 1, 1, 1, 1, 1, 1, 1, 1, 1, 1, 1, 1, 1, 
c  1, 1, 1, 1, 1, 1, 1, 1, 1, 1, 1, 1, 1, 1, 1, 1, 1, 1, 1, 1, 1, 1, 1, 1, 1, 
c  1, 1, 1, 1, 1, 1, 1, 1, 1, 1, 1, 1, 1, 1, 1, 1, 1, 1, 1, 1, 1, 1, 1, 1, 1, 
c  1, 1, 1, 1, 1, 1, 1, 1, 1, 1, 1, 1, 1, 1, 1, 1, 1, 1, 1, 1, 1, 1, 1, 1, 1, 
c  1, 1, 1, 1, 1, 1, 1, 1, 1, 1, 1, 1, 1, 1, 1, 1, 1, 1, 1, 1, 1, 1, 1, 1, 1, 
c  1, 1, 1, 1, 1, 1, 1, 1, 1, 1, 1, 1, 1, 1, 1, 1, 1, 1, 1, 1, 1, 1, 1, 1, 1, 
c  1, 1, 1, 1, 1, 1, 1, 1, 1, 1, 1, 1, 1, 1, 1, 1, 1, 1, 1, 1, 1, 1, 1, 1, 1, 
c  1, 1, 1, 1, 1, 1, 1, 1, 1, 1, 1, 1, 1, 1, 1, 1, 1, 1, 1, 1, 1, 1, 1, 1, 1, 
c  1, 1, 1, 1, 1, 1, 1, 1, 1, 1, 1, 1, 1, 1, 1, 1, 1, 1, 1, 1, 1, 1, 1, 1, 1, 
c  1, 1, 1, 1, 1, 1, 1, 1, 1, 1, 1, 1, 1, 1, 1, 1, 1, 1, 1, 1, 1, 1, 1, 1, 1, 
c  1, 1, 1, 1, 1, 1, 0, 0, 0, 0, 0, 0, 0, 0, 0, 0, 0, 0, 0, 0, 0, 0, 0, 0, 0, 
c  0, 0, 0, 0, 0, 0, 0, 0, 0, 0, 0, 0, 0, 0, 0, 0, 0, 0, 0, 0, 0, 0, 0, 0, 0, 
c  0, 0, 0, 0, 0, 0, 0, 0, 0, 0, 0, 0, 0, 0, 0, 0, 0, 0, 0, 0, 0, 0, 0, 0, 0, 
c  0, 0, 0, 0, 0, 0, 0, 0, 0, 0, 0, 0, 0, 0, 0, 0, 0, 0, 0, 0, 0, 0, 0, 0, 0, 
c  0, 0, 0, 0, 0, 0, 0, 0, 0, 0, 0, 0, 0, 0, 0, 0, 0, 0, 0, 0, 0, 0, 0, 0, 0, 
c  0, 0, 0, 0, 0, 0, 0, 0, 0, 0, 0, 0, 0, 0, 0, 0, 0, 0, 0, 0, 0, 0, 0, 0, 0, 
c  0, 0, 0, 0, 0, 0, 0, 0, 0, 0, 0, 0, 0, 0, 0, 0, 0, 0, 0, 0, 0, 0, 0, 0, 0, 
c  0, 0, 0, 0, 0, 0, 0, 0, 0, 0, 0, 0, 0, 0, 0, 0, 0, 0, 0, 0, 0, 0, 0, 0, 0, 
c  0, 0, 0, 0, 0, 0, 0, 0, 0, 0, 0, 0, 0, 0, 0, 0, 0, 0, 0, 0, 0, 0, 0, 0, 0, 
c  0, 0, 0, 0, 0, 0, 0, 0, 0, 0, 0, 0, 0, 0, 0, 0, 0, 0, 0, 0, 0, 0, 0, 0, 0, 
c  0, 0, 0, 0, 0, 0, 0, 0, 0, 0, 0, 0, 0, 0, 0, 0, 0, 0, 0, 0, 0, 0, 0, 0, 0, 
c  0, 0, 0, 0, 0, 0, 0, 0, 0, 0, 0, 0, 0, 0, 0, 0, 0, 0, 0, 0, 0, 0, 0, 0, 0, 
c  0, 0, 0, 0, 0, 0, 0, 0, 0, 0, 0, 0, 0, 0, 0, 0, 0, 0, 0, 0, 0, 0, 0, 0, 0, 
c  0, 0, 0, 0, 0, 0, 0, 0, 0, 0, 0, 0, 0, 0, 0, 0, 0, 0, 0, 0, 0, 0, 0, 0, 0, 
c  0, 0, 0, 0, 0, 0, 0, 0, 0, 0, 0, 0, 0, 0, 0, 0, 0, 0, 0, 0, 0, 0, 0, 0] 
c  
p edge 1000 508 50
e 1 47
e 1 202
e 1 242
e 1 423
e 1 454
e 1 613
e 2 24
e 2 106
e 2 136
e 2 272
e 2 484
e 2 618
e 3 64
e 3 131
e 3 166
e 3 167
e 3 198
e 3 218
e 4 126
e 4 196
e 4 363
e 4 422
e 4 626
e 5 13
e 5 54
e 5 199
e 5 240
e 5 467
e 6 8
e 6 48
e 6 74
e 6 174
e 6 210
e 7 64
e 7 85
e 7 275
e 7 360
e 8 22
e 8 78
e 8 181
e 9 40
e 9 180
e 9 494
e 9 535
e 10 15
e 10 46
e 10 259
e 10 361
e 11 34
e 11 227
e 11 306
e 11 534
e 12 15
e 12 331
e 12 429
e 12 500
e 13 16
e 13 43
e 13 70
e 14 121
e 14 250
e 14 385
e 14 513
e 15 184
e 15 381
e 16 33
e 16 268
e 16 274
e 17 32
e 17 103
e 17 357
e 17 610
e 18 52
e 18 94
e 18 340
e 18 407
e 19 113
e 19 115
e 19 122
e 19 191
e 20 47
e 20 49
e 20 491
e 21 94
e 21 146
e 21 168
e 22 120
e 22 417
e 23 187
e 23 229
e 23 623
e 24 105
e 24 133
e 25 77
e 25 319
e 25 449
e 26 234
e 26 408
e 26 420
e 27 46
e 27 54
e 27 226
e 28 49
e 28 91
e 28 622
e 29 44
e 29 198
e 29 352
e 30 76
e 30 138
e 30 189
e 31 164
e 31 288
e 31 466
e 32 167
e 32 416
e 33 42
e 33 380
e 34 158
e 34 329
e 35 51
e 35 102
e 35 197
e 36 72
e 36 142
e 36 256
e 37 372
e 37 383
e 37 406
e 38 81
e 38 142
e 38 565
e 39 205
e 39 323
e 39 356
e 40 53
e 40 401
e 41 127
e 41 523
e 41 582
e 42 97
e 42 231
e 43 64
e 43 258
e 44 76
e 44 592
e 45 183
e 45 209
e 45 350
e 46 430
e 47 543
e 48 314
e 48 393
e 49 574
e 50 129
e 50 212
e 50 230
e 51 55
e 51 317
e 52 55
e 52 98
e 53 76
e 53 87
e 54 79
e 55 504
e 56 109
e 56 260
e 56 505
e 57 63
e 57 335
e 57 562
e 58 332
e 58 462
e 58 605
e 59 368
e 59 594
e 59 611
e 60 70
e 60 307
e 60 452
e 61 170
e 61 172
e 61 316
e 62 99
e 62 446
e 62 496
e 63 121
e 63 330
e 65 214
e 65 226
e 65 463
e 66 88
e 66 97
e 66 619
e 67 229
e 67 387
e 67 432
e 68 431
e 68 460
e 68 550
e 69 208
e 69 391
e 69 472
e 70 311
e 71 194
e 71 468
e 71 567
e 72 211
e 72 250
e 73 355
e 73 509
e 73 552
e 74 82
e 74 300
e 75 199
e 75 295
e 75 428
e 77 130
e 77 336
e 78 143
e 78 426
e 79 365
e 79 488
e 80 119
e 80 139
e 80 359
e 81 124
e 81 510
e 82 88
e 82 193
e 83 144
e 83 236
e 83 609
e 84 222
e 84 445
e 84 616
e 85 141
e 85 192
e 86 172
e 86 280
e 86 400
e 87 137
e 87 200
e 88 179
e 89 114
e 89 404
e 89 570
e 90 214
e 90 259
e 90 410
e 91 190
e 91 248
e 92 162
e 92 253
e 92 621
e 93 113
e 93 227
e 93 437
e 94 457
e 95 153
e 95 162
e 95 208
e 96 511
e 96 559
e 96 568
e 97 116
e 98 160
e 99 530
e 100 173
e 100 277
e 101 164
e 101 461
e 102 111
e 103 145
e 104 176
e 104 370
e 105 532
e 106 402
e 107 140
e 107 151
e 108 489
e 108 630
e 109 285
e 110 160
e 110 458
e 111 287
e 112 139
e 112 596
e 114 188
e 115 192
e 116 347
e 117 339
e 117 493
e 118 296
e 118 450
e 119 124
e 120 584
e 122 334
e 123 149
e 123 200
e 125 533
e 125 632
e 126 308
e 127 572
e 128 292
e 128 411
e 129 313
e 130 134
e 131 241
e 132 204
e 132 294
e 133 371
e 134 237
e 135 150
e 135 384
e 136 581
e 137 492
e 138 546
e 140 482
e 141 258
e 143 351
e 144 224
e 145 237
e 146 262
e 147 197
e 147 575
e 148 165
e 148 397
e 149 517
e 150 249
e 151 470
e 152 186
e 152 270
e 153 376
e 154 207
e 154 218
e 155 273
e 155 604
e 156 242
e 156 588
e 157 161
e 157 174
e 158 178
e 159 188
e 159 425
e 161 366
e 163 206
e 163 415
e 165 238
e 166 628
e 168 246
e 169 326
e 169 539
e 170 608
e 171 236
e 171 444
e 173 456
e 175 346
e 175 531
e 176 215
e 177 254
e 177 345
e 178 253
e 179 597
e 180 375
e 181 367
e 182 424
e 182 564
e 183 490
e 184 538
e 185 518
e 185 627
e 186 302
e 187 238
e 189 600
e 190 325
e 191 521
e 193 476
e 194 233
e 195 245
e 195 353
e 196 202
e 201 257
e 201 541
e 203 286
e 203 448
e 204 507
e 205 211
e 206 373
e 207 369
e 209 256
e 210 497
e 212 223
e 213 293
e 213 478
e 215 388
e 216 232
e 216 485
e 217 536
e 217 615
e 219 475
e 219 524
e 220 442
e 220 447
e 221 267
e 221 315
e 222 498
e 223 394
e 224 495
e 225 392
e 225 544
e 228 279
e 228 480
e 230 374
e 231 451
e 232 348
e 233 439
e 234 243
e 235 396
e 235 624
e 239 304
e 239 349
e 240 337
e 241 620
e 243 251
e 244 282
e 244 548
e 245 578
e 246 419
e 247 358
e 247 529
e 248 377
e 249 354
e 251 474
e 252 318
e 252 577
e 254 436
e 255 301
e 255 569
e 257 413
e 261 266
e 263 271
e 264 508
e 265 421
e 269 585
e 276 310
e 278 343
e 281 440
e 283 395
e 284 555
e 289 558
e 290 409
e 291 455
e 297 527
e 298 598
e 299 471
e 303 483
e 305 322
e 309 589
e 312 414
e 320 580
e 321 586
e 324 464
e 327 602
e 328 617
e 333 438
e 338 579
e 341 433
e 342 487
e 344 403
e 362 607
e 364 573
e 378 441
e 379 389
e 382 560
e 386 576
e 390 473
e 398 502
e 399 486
e 405 516
e 412 547
e 418 481
e 427 554
e 434 629
e 435 587
e 443 469
e 453 520
e 459 625
e 465 606
e 477 631
e 479 583
e 499 515
e 501 590
e 503 563
e 506 557
e 512 522
e 514 603
e 519 571
e 525 591
e 526 561
e 528 595
e 537 540
e 542 599
e 545 551
e 549 566
e 553 612
e 556 614
e 593 601
n 3 2
n 12 7
n 23 50
n 25 29
n 34 36
n 50 32
n 55 46
n 61 38
n 69 7
n 73 30
n 75 40
n 76 8
n 85 3
n 87 42
n 103 25
n 106 25
n 110 24
n 124 36
n 128 48
n 136 11
n 143 28
n 144 8
n 145 44
n 149 46
n 150 37
n 152 20
n 160 30
n 167 10
n 177 30
n 196 36
n 197 16
n 198 38
n 203 16
n 206 24
n 217 11
n 235 23
n 237 1
n 246 37
n 247 18
n 251 45
n 252 33
n 265 9
n 273 36
n 285 46
n 292 37
n 299 19
n 301 37
n 310 39
n 336 35
n 354 14
n 366 3
n 368 7
n 375 13
n 379 2
n 390 37
n 399 11
n 406 25
n 413 14
n 418 13
n 422 9
n 433 35
n 445 41
n 466 29
n 474 5
n 476 17
n 477 34
n 479 17
n 487 12
n 488 24
n 494 42
n 515 38
n 519 11
n 529 41
n 543 14
n 545 40
n 550 48
n 556 8
n 560 18
n 574 33
n 609 8
n 611 6
n 612 16
n 621 26
n 622 1
n 623 14
n 624 8
n 643 44
n 646 36
n 654 11
n 657 9
n 668 37
n 672 33
n 673 49
n 679 33
n 680 38
n 681 24
n 682 43
n 685 15
n 691 35
n 693 40
n 698 24
n 703 33
n 705 49
n 710 25
n 722 35
n 725 26
n 736 20
n 742 12
n 743 9
n 754 8
n 766 28
n 776 26
n 785 21
n 789 44
n 792 10
n 798 27
n 804 36
n 807 5
n 812 5
n 824 17
n 834 26
n 843 3
n 845 23
n 850 19
n 861 29
n 869 16
n 873 48
n 874 7
n 877 21
n 878 22
n 883 11
n 885 41
n 897 47
n 899 39
n 902 5
n 906 5
n 913 47
n 916 21
n 922 31
n 924 45
n 944 25
n 945 4
n 947 44
n 949 37
n 953 45
n 965 27
n 974 28
n 981 5
n 996 20
n 997 36
