c FILE tuningInstances/random130.txt
c SOURCE This is a random graph formed for the happy graph colouring problem.
c DESCRIPTION It was generated using the problem generator of Rhyd Lewis
c
c GRAPH STATS
c Seed                             = 54321
c Number of Nodes                  = 1000
c Edge probability defined by user = 0
c Number of colours k              = 50
c Number of pre-assignments        = 250
c Actual density                   = 0
c 
c The degrees of nodes 1 to 1000, respectively, are as follows 
c [0, 0, 0, 0, 0, 0, 0, 0, 0, 0, 0, 0, 0, 0, 0, 0, 0, 0, 0, 0, 0, 0, 0, 0, 0, 0, 
c  0, 0, 0, 0, 0, 0, 0, 0, 0, 0, 0, 0, 0, 0, 0, 0, 0, 0, 0, 0, 0, 0, 0, 0, 0, 
c  0, 0, 0, 0, 0, 0, 0, 0, 0, 0, 0, 0, 0, 0, 0, 0, 0, 0, 0, 0, 0, 0, 0, 0, 0, 
c  0, 0, 0, 0, 0, 0, 0, 0, 0, 0, 0, 0, 0, 0, 0, 0, 0, 0, 0, 0, 0, 0, 0, 0, 0, 
c  0, 0, 0, 0, 0, 0, 0, 0, 0, 0, 0, 0, 0, 0, 0, 0, 0, 0, 0, 0, 0, 0, 0, 0, 0, 
c  0, 0, 0, 0, 0, 0, 0, 0, 0, 0, 0, 0, 0, 0, 0, 0, 0, 0, 0, 0, 0, 0, 0, 0, 0, 
c  0, 0, 0, 0, 0, 0, 0, 0, 0, 0, 0, 0, 0, 0, 0, 0, 0, 0, 0, 0, 0, 0, 0, 0, 0, 
c  0, 0, 0, 0, 0, 0, 0, 0, 0, 0, 0, 0, 0, 0, 0, 0, 0, 0, 0, 0, 0, 0, 0, 0, 0, 
c  0, 0, 0, 0, 0, 0, 0, 0, 0, 0, 0, 0, 0, 0, 0, 0, 0, 0, 0, 0, 0, 0, 0, 0, 0, 
c  0, 0, 0, 0, 0, 0, 0, 0, 0, 0, 0, 0, 0, 0, 0, 0, 0, 0, 0, 0, 0, 0, 0, 0, 0, 
c  0, 0, 0, 0, 0, 0, 0, 0, 0, 0, 0, 0, 0, 0, 0, 0, 0, 0, 0, 0, 0, 0, 0, 0, 0, 
c  0, 0, 0, 0, 0, 0, 0, 0, 0, 0, 0, 0, 0, 0, 0, 0, 0, 0, 0, 0, 0, 0, 0, 0, 0, 
c  0, 0, 0, 0, 0, 0, 0, 0, 0, 0, 0, 0, 0, 0, 0, 0, 0, 0, 0, 0, 0, 0, 0, 0, 0, 
c  0, 0, 0, 0, 0, 0, 0, 0, 0, 0, 0, 0, 0, 0, 0, 0, 0, 0, 0, 0, 0, 0, 0, 0, 0, 
c  0, 0, 0, 0, 0, 0, 0, 0, 0, 0, 0, 0, 0, 0, 0, 0, 0, 0, 0, 0, 0, 0, 0, 0, 0, 
c  0, 0, 0, 0, 0, 0, 0, 0, 0, 0, 0, 0, 0, 0, 0, 0, 0, 0, 0, 0, 0, 0, 0, 0, 0, 
c  0, 0, 0, 0, 0, 0, 0, 0, 0, 0, 0, 0, 0, 0, 0, 0, 0, 0, 0, 0, 0, 0, 0, 0, 0, 
c  0, 0, 0, 0, 0, 0, 0, 0, 0, 0, 0, 0, 0, 0, 0, 0, 0, 0, 0, 0, 0, 0, 0, 0, 0, 
c  0, 0, 0, 0, 0, 0, 0, 0, 0, 0, 0, 0, 0, 0, 0, 0, 0, 0, 0, 0, 0, 0, 0, 0, 0, 
c  0, 0, 0, 0, 0, 0, 0, 0, 0, 0, 0, 0, 0, 0, 0, 0, 0, 0, 0, 0, 0, 0, 0, 0, 0, 
c  0, 0, 0, 0, 0, 0, 0, 0, 0, 0, 0, 0, 0, 0, 0, 0, 0, 0, 0, 0, 0, 0, 0, 0, 0, 
c  0, 0, 0, 0, 0, 0, 0, 0, 0, 0, 0, 0, 0, 0, 0, 0, 0, 0, 0, 0, 0, 0, 0, 0, 0, 
c  0, 0, 0, 0, 0, 0, 0, 0, 0, 0, 0, 0, 0, 0, 0, 0, 0, 0, 0, 0, 0, 0, 0, 0, 0, 
c  0, 0, 0, 0, 0, 0, 0, 0, 0, 0, 0, 0, 0, 0, 0, 0, 0, 0, 0, 0, 0, 0, 0, 0, 0, 
c  0, 0, 0, 0, 0, 0, 0, 0, 0, 0, 0, 0, 0, 0, 0, 0, 0, 0, 0, 0, 0, 0, 0, 0, 0, 
c  0, 0, 0, 0, 0, 0, 0, 0, 0, 0, 0, 0, 0, 0, 0, 0, 0, 0, 0, 0, 0, 0, 0, 0, 0, 
c  0, 0, 0, 0, 0, 0, 0, 0, 0, 0, 0, 0, 0, 0, 0, 0, 0, 0, 0, 0, 0, 0, 0, 0, 0, 
c  0, 0, 0, 0, 0, 0, 0, 0, 0, 0, 0, 0, 0, 0, 0, 0, 0, 0, 0, 0, 0, 0, 0, 0, 0, 
c  0, 0, 0, 0, 0, 0, 0, 0, 0, 0, 0, 0, 0, 0, 0, 0, 0, 0, 0, 0, 0, 0, 0, 0, 0, 
c  0, 0, 0, 0, 0, 0, 0, 0, 0, 0, 0, 0, 0, 0, 0, 0, 0, 0, 0, 0, 0, 0, 0, 0, 0, 
c  0, 0, 0, 0, 0, 0, 0, 0, 0, 0, 0, 0, 0, 0, 0, 0, 0, 0, 0, 0, 0, 0, 0, 0, 0, 
c  0, 0, 0, 0, 0, 0, 0, 0, 0, 0, 0, 0, 0, 0, 0, 0, 0, 0, 0, 0, 0, 0, 0, 0, 0, 
c  0, 0, 0, 0, 0, 0, 0, 0, 0, 0, 0, 0, 0, 0, 0, 0, 0, 0, 0, 0, 0, 0, 0, 0, 0, 
c  0, 0, 0, 0, 0, 0, 0, 0, 0, 0, 0, 0, 0, 0, 0, 0, 0, 0, 0, 0, 0, 0, 0, 0, 0, 
c  0, 0, 0, 0, 0, 0, 0, 0, 0, 0, 0, 0, 0, 0, 0, 0, 0, 0, 0, 0, 0, 0, 0, 0, 0, 
c  0, 0, 0, 0, 0, 0, 0, 0, 0, 0, 0, 0, 0, 0, 0, 0, 0, 0, 0, 0, 0, 0, 0, 0, 0, 
c  0, 0, 0, 0, 0, 0, 0, 0, 0, 0, 0, 0, 0, 0, 0, 0, 0, 0, 0, 0, 0, 0, 0, 0, 0, 
c  0, 0, 0, 0, 0, 0, 0, 0, 0, 0, 0, 0, 0, 0, 0, 0, 0, 0, 0, 0, 0, 0, 0, 0, 0, 
c  0, 0, 0, 0, 0, 0, 0, 0, 0, 0, 0, 0, 0, 0, 0, 0, 0, 0, 0, 0, 0, 0, 0, 0, 0, 
c  0, 0, 0, 0, 0, 0, 0, 0, 0, 0, 0, 0, 0, 0, 0, 0, 0, 0, 0, 0, 0, 0, 0, 0] 
c  
p edge 1000 0 50
n 3 2
n 6 24
n 12 7
n 14 4
n 23 50
n 25 29
n 34 36
n 37 25
n 40 29
n 41 7
n 48 29
n 50 32
n 55 46
n 61 38
n 67 24
n 68 5
n 69 7
n 72 2
n 73 30
n 75 40
n 76 8
n 77 19
n 85 3
n 87 42
n 97 10
n 101 27
n 103 25
n 106 25
n 110 24
n 122 19
n 124 36
n 127 24
n 128 48
n 130 27
n 136 11
n 142 10
n 143 28
n 144 8
n 145 44
n 149 46
n 150 37
n 152 20
n 156 49
n 160 30
n 167 10
n 170 5
n 175 35
n 177 30
n 178 44
n 185 9
n 196 36
n 197 16
n 198 38
n 202 14
n 203 16
n 206 24
n 216 2
n 217 11
n 219 3
n 235 23
n 237 1
n 239 1
n 246 37
n 247 18
n 249 29
n 251 45
n 252 33
n 265 9
n 273 36
n 285 46
n 292 37
n 298 34
n 299 19
n 300 5
n 301 37
n 310 39
n 316 24
n 327 28
n 333 36
n 336 35
n 338 14
n 351 30
n 354 14
n 357 33
n 359 40
n 366 3
n 368 7
n 371 44
n 372 26
n 374 15
n 375 13
n 377 41
n 379 2
n 390 37
n 391 24
n 392 15
n 397 39
n 399 11
n 405 25
n 406 25
n 413 14
n 418 13
n 419 20
n 422 9
n 427 29
n 433 35
n 444 47
n 445 41
n 446 35
n 449 37
n 456 13
n 458 48
n 460 3
n 461 49
n 463 11
n 466 29
n 469 15
n 474 5
n 476 17
n 477 34
n 479 17
n 486 21
n 487 12
n 488 24
n 490 10
n 494 42
n 496 17
n 501 7
n 515 38
n 519 11
n 529 41
n 530 38
n 534 9
n 536 38
n 538 46
n 543 14
n 545 40
n 550 48
n 556 8
n 560 18
n 568 32
n 574 33
n 578 25
n 590 11
n 599 19
n 607 37
n 609 8
n 611 6
n 612 16
n 621 26
n 622 1
n 623 14
n 624 8
n 640 24
n 643 44
n 645 10
n 646 36
n 649 33
n 654 11
n 657 9
n 668 37
n 672 33
n 673 49
n 676 22
n 679 33
n 680 38
n 681 24
n 682 43
n 683 11
n 685 15
n 689 41
n 690 18
n 691 35
n 693 40
n 695 34
n 696 1
n 698 24
n 703 33
n 705 49
n 710 25
n 722 35
n 725 26
n 730 34
n 736 20
n 740 4
n 742 12
n 743 9
n 754 8
n 757 44
n 766 28
n 770 8
n 773 21
n 776 26
n 785 21
n 789 44
n 792 10
n 798 27
n 804 36
n 807 5
n 812 5
n 817 32
n 818 47
n 821 13
n 824 17
n 826 47
n 834 26
n 843 3
n 845 23
n 850 19
n 852 30
n 857 40
n 861 29
n 867 50
n 869 16
n 870 3
n 873 48
n 874 7
n 877 21
n 878 22
n 883 11
n 885 41
n 886 41
n 897 47
n 899 39
n 902 5
n 906 5
n 913 47
n 915 19
n 916 21
n 922 31
n 923 2
n 924 45
n 932 50
n 941 49
n 944 25
n 945 4
n 947 44
n 948 35
n 949 37
n 953 45
n 958 13
n 965 27
n 974 28
n 976 10
n 981 5
n 985 45
n 990 43
n 993 34
n 996 20
n 997 36
