c FILE tuningInstances/random1.txt
c SOURCE This is a random graph formed for the happy graph colouring problem.
c DESCRIPTION It was generated using the problem generator of Rhyd Lewis
c
c GRAPH STATS
c Seed                             = 54321
c Number of Nodes                  = 1000
c Edge probability defined by user = 0.002002
c Number of colours k              = 10
c Number of pre-assignments        = 50
c Actual density                   = 0.00206006
c 
c The degrees of nodes 1 to 1000, respectively, are as follows 
c [7, 7, 7, 6, 6, 6, 6, 6, 6, 6, 6, 6, 6, 6, 6, 6, 6, 5, 5, 5, 5, 5, 5, 5, 5, 5, 
c  5, 5, 5, 5, 5, 5, 5, 5, 5, 5, 5, 5, 5, 5, 5, 5, 5, 5, 5, 5, 5, 5, 5, 5, 5, 
c  5, 5, 5, 5, 5, 5, 5, 5, 4, 4, 4, 4, 4, 4, 4, 4, 4, 4, 4, 4, 4, 4, 4, 4, 4, 
c  4, 4, 4, 4, 4, 4, 4, 4, 4, 4, 4, 4, 4, 4, 4, 4, 4, 4, 4, 4, 4, 4, 4, 4, 4, 
c  4, 4, 4, 4, 4, 4, 4, 4, 4, 4, 4, 4, 4, 4, 4, 4, 4, 4, 4, 4, 4, 4, 4, 4, 4, 
c  4, 4, 4, 4, 4, 4, 4, 4, 4, 4, 4, 4, 4, 4, 4, 4, 4, 4, 4, 4, 4, 4, 4, 4, 4, 
c  4, 4, 4, 4, 4, 4, 4, 4, 4, 3, 3, 3, 3, 3, 3, 3, 3, 3, 3, 3, 3, 3, 3, 3, 3, 
c  3, 3, 3, 3, 3, 3, 3, 3, 3, 3, 3, 3, 3, 3, 3, 3, 3, 3, 3, 3, 3, 3, 3, 3, 3, 
c  3, 3, 3, 3, 3, 3, 3, 3, 3, 3, 3, 3, 3, 3, 3, 3, 3, 3, 3, 3, 3, 3, 3, 3, 3, 
c  3, 3, 3, 3, 3, 3, 3, 3, 3, 3, 3, 3, 3, 3, 3, 3, 3, 3, 3, 3, 3, 3, 3, 3, 3, 
c  3, 3, 3, 3, 3, 3, 3, 3, 3, 3, 3, 3, 3, 3, 3, 3, 3, 3, 3, 3, 3, 3, 3, 3, 3, 
c  3, 3, 3, 3, 3, 3, 3, 3, 3, 3, 3, 3, 3, 3, 3, 3, 3, 3, 3, 3, 3, 3, 3, 3, 3, 
c  3, 3, 3, 3, 3, 3, 3, 3, 3, 3, 3, 3, 3, 3, 3, 3, 3, 3, 3, 3, 3, 3, 3, 3, 3, 
c  3, 3, 3, 3, 3, 3, 3, 3, 3, 3, 3, 3, 3, 3, 3, 3, 2, 2, 2, 2, 2, 2, 2, 2, 2, 
c  2, 2, 2, 2, 2, 2, 2, 2, 2, 2, 2, 2, 2, 2, 2, 2, 2, 2, 2, 2, 2, 2, 2, 2, 2, 
c  2, 2, 2, 2, 2, 2, 2, 2, 2, 2, 2, 2, 2, 2, 2, 2, 2, 2, 2, 2, 2, 2, 2, 2, 2, 
c  2, 2, 2, 2, 2, 2, 2, 2, 2, 2, 2, 2, 2, 2, 2, 2, 2, 2, 2, 2, 2, 2, 2, 2, 2, 
c  2, 2, 2, 2, 2, 2, 2, 2, 2, 2, 2, 2, 2, 2, 2, 2, 2, 2, 2, 2, 2, 2, 2, 2, 2, 
c  2, 2, 2, 2, 2, 2, 2, 2, 2, 2, 2, 2, 2, 2, 2, 2, 2, 2, 2, 2, 2, 2, 2, 2, 2, 
c  2, 2, 2, 2, 2, 2, 2, 2, 2, 2, 2, 2, 2, 2, 2, 2, 2, 2, 2, 2, 2, 2, 2, 2, 2, 
c  2, 2, 2, 2, 2, 2, 2, 2, 2, 2, 2, 2, 2, 2, 2, 2, 2, 2, 2, 2, 2, 2, 2, 2, 2, 
c  2, 2, 2, 2, 2, 2, 2, 2, 2, 2, 2, 2, 2, 2, 2, 2, 2, 2, 2, 2, 2, 2, 2, 2, 2, 
c  2, 2, 2, 2, 2, 2, 2, 2, 2, 2, 2, 2, 2, 2, 2, 2, 2, 2, 2, 2, 2, 2, 2, 2, 2, 
c  2, 2, 2, 2, 2, 2, 2, 2, 2, 2, 2, 2, 2, 2, 2, 2, 1, 1, 1, 1, 1, 1, 1, 1, 1, 
c  1, 1, 1, 1, 1, 1, 1, 1, 1, 1, 1, 1, 1, 1, 1, 1, 1, 1, 1, 1, 1, 1, 1, 1, 1, 
c  1, 1, 1, 1, 1, 1, 1, 1, 1, 1, 1, 1, 1, 1, 1, 1, 1, 1, 1, 1, 1, 1, 1, 1, 1, 
c  1, 1, 1, 1, 1, 1, 1, 1, 1, 1, 1, 1, 1, 1, 1, 1, 1, 1, 1, 1, 1, 1, 1, 1, 1, 
c  1, 1, 1, 1, 1, 1, 1, 1, 1, 1, 1, 1, 1, 1, 1, 1, 1, 1, 1, 1, 1, 1, 1, 1, 1, 
c  1, 1, 1, 1, 1, 1, 1, 1, 1, 1, 1, 1, 1, 1, 1, 1, 1, 1, 1, 1, 1, 1, 1, 1, 1, 
c  1, 1, 1, 1, 1, 1, 1, 1, 1, 1, 1, 1, 1, 1, 1, 1, 1, 1, 1, 1, 1, 1, 1, 1, 1, 
c  1, 1, 1, 1, 1, 1, 1, 1, 1, 1, 1, 1, 1, 1, 1, 1, 1, 1, 1, 1, 1, 1, 1, 1, 1, 
c  1, 1, 1, 1, 1, 1, 1, 1, 1, 1, 1, 1, 1, 1, 1, 1, 1, 1, 1, 1, 1, 1, 1, 1, 1, 
c  1, 1, 1, 1, 1, 1, 1, 1, 1, 1, 1, 1, 1, 1, 1, 1, 1, 1, 1, 1, 1, 1, 1, 1, 1, 
c  1, 1, 1, 1, 1, 1, 1, 1, 1, 1, 1, 1, 1, 1, 1, 1, 1, 1, 1, 1, 1, 1, 1, 1, 1, 
c  1, 1, 1, 1, 1, 1, 1, 1, 1, 1, 1, 1, 1, 1, 1, 1, 1, 1, 1, 1, 1, 1, 1, 1, 1, 
c  1, 1, 1, 1, 1, 1, 1, 1, 1, 0, 0, 0, 0, 0, 0, 0, 0, 0, 0, 0, 0, 0, 0, 0, 0, 
c  0, 0, 0, 0, 0, 0, 0, 0, 0, 0, 0, 0, 0, 0, 0, 0, 0, 0, 0, 0, 0, 0, 0, 0, 0, 
c  0, 0, 0, 0, 0, 0, 0, 0, 0, 0, 0, 0, 0, 0, 0, 0, 0, 0, 0, 0, 0, 0, 0, 0, 0, 
c  0, 0, 0, 0, 0, 0, 0, 0, 0, 0, 0, 0, 0, 0, 0, 0, 0, 0, 0, 0, 0, 0, 0, 0, 0, 
c  0, 0, 0, 0, 0, 0, 0, 0, 0, 0, 0, 0, 0, 0, 0, 0, 0, 0, 0, 0, 0, 0, 0, 0] 
c  
p edge 1000 1029 10
e 1 40
e 1 49
e 1 136
e 1 226
e 1 329
e 1 534
e 1 801
e 2 43
e 2 176
e 2 346
e 2 397
e 2 733
e 2 764
e 2 783
e 3 28
e 3 63
e 3 80
e 3 220
e 3 476
e 3 513
e 3 584
e 4 236
e 4 389
e 4 505
e 4 673
e 4 807
e 4 879
e 5 55
e 5 63
e 5 139
e 5 250
e 5 253
e 5 321
e 6 8
e 6 77
e 6 127
e 6 220
e 6 657
e 6 771
e 7 231
e 7 249
e 7 430
e 7 474
e 7 680
e 7 851
e 8 42
e 8 86
e 8 180
e 8 273
e 8 844
e 9 66
e 9 401
e 9 440
e 9 447
e 9 645
e 9 704
e 10 37
e 10 111
e 10 154
e 10 407
e 10 508
e 10 772
e 11 219
e 11 245
e 11 277
e 11 317
e 11 328
e 11 454
e 12 34
e 12 37
e 12 125
e 12 580
e 12 631
e 12 847
e 13 50
e 13 166
e 13 192
e 13 198
e 13 281
e 13 468
e 14 24
e 14 26
e 14 324
e 14 459
e 14 521
e 14 865
e 15 41
e 15 314
e 15 388
e 15 456
e 15 612
e 15 658
e 16 165
e 16 171
e 16 199
e 16 264
e 16 602
e 16 871
e 17 36
e 17 107
e 17 127
e 17 194
e 17 450
e 17 531
e 18 36
e 18 97
e 18 167
e 18 302
e 18 563
e 19 72
e 19 79
e 19 194
e 19 433
e 19 513
e 20 95
e 20 107
e 20 304
e 20 713
e 20 727
e 21 34
e 21 222
e 21 362
e 21 500
e 21 596
e 22 28
e 22 46
e 22 156
e 22 386
e 22 461
e 23 51
e 23 63
e 23 334
e 23 431
e 23 455
e 24 78
e 24 291
e 24 380
e 24 600
e 25 107
e 25 110
e 25 177
e 25 298
e 25 812
e 26 79
e 26 175
e 26 262
e 26 823
e 27 68
e 27 390
e 27 765
e 27 798
e 27 839
e 28 67
e 28 71
e 28 163
e 29 162
e 29 173
e 29 403
e 29 642
e 29 831
e 30 91
e 30 137
e 30 391
e 30 684
e 30 794
e 31 32
e 31 56
e 31 163
e 31 213
e 31 810
e 32 108
e 32 207
e 32 510
e 32 866
e 33 123
e 33 158
e 33 193
e 33 278
e 33 370
e 34 65
e 34 473
e 34 628
e 35 80
e 35 113
e 35 486
e 35 641
e 35 826
e 36 94
e 36 211
e 36 591
e 37 44
e 37 105
e 37 211
e 38 204
e 38 222
e 38 549
e 38 670
e 38 735
e 39 155
e 39 217
e 39 384
e 39 458
e 39 541
e 40 85
e 40 336
e 40 385
e 40 512
e 41 223
e 41 508
e 41 621
e 41 732
e 42 154
e 42 177
e 42 235
e 42 828
e 43 81
e 43 217
e 43 254
e 43 306
e 44 128
e 44 184
e 44 349
e 44 353
e 45 111
e 45 175
e 45 206
e 45 779
e 45 824
e 46 62
e 46 90
e 46 406
e 46 669
e 47 48
e 47 143
e 47 202
e 47 546
e 47 859
e 48 115
e 48 229
e 48 262
e 48 507
e 49 207
e 49 234
e 49 252
e 49 484
e 50 199
e 50 320
e 50 378
e 50 568
e 51 156
e 51 192
e 51 215
e 51 287
e 52 173
e 52 326
e 52 380
e 52 492
e 52 877
e 53 125
e 53 332
e 53 336
e 53 427
e 53 446
e 54 422
e 54 446
e 54 514
e 54 583
e 54 792
e 55 137
e 55 221
e 55 286
e 55 464
e 56 325
e 56 359
e 56 447
e 56 647
e 57 114
e 57 310
e 57 383
e 57 479
e 57 870
e 58 66
e 58 74
e 58 82
e 58 259
e 58 366
e 59 170
e 59 182
e 59 209
e 59 247
e 59 761
e 60 88
e 60 112
e 60 656
e 60 691
e 61 256
e 61 565
e 61 598
e 61 636
e 62 96
e 62 109
e 62 325
e 63 723
e 64 89
e 64 110
e 64 425
e 64 728
e 65 99
e 65 251
e 65 544
e 66 250
e 66 402
e 67 233
e 67 252
e 67 643
e 68 190
e 68 243
e 68 424
e 69 104
e 69 111
e 69 280
e 69 473
e 70 93
e 70 121
e 70 269
e 70 809
e 71 686
e 71 708
e 71 760
e 72 120
e 72 617
e 72 858
e 73 85
e 73 394
e 73 501
e 73 520
e 74 224
e 74 260
e 74 352
e 75 144
e 75 267
e 75 400
e 75 695
e 76 144
e 76 183
e 76 264
e 76 755
e 77 88
e 77 153
e 77 482
e 78 102
e 78 130
e 78 396
e 79 108
e 79 273
e 80 170
e 80 559
e 81 218
e 81 341
e 81 672
e 82 517
e 82 644
e 82 781
e 83 90
e 83 131
e 83 337
e 83 410
e 84 148
e 84 166
e 84 237
e 84 419
e 85 142
e 85 423
e 86 192
e 86 309
e 86 615
e 87 154
e 87 315
e 87 414
e 87 462
e 88 502
e 88 562
e 89 155
e 89 452
e 89 780
e 90 105
e 90 311
e 91 203
e 91 302
e 91 340
e 92 279
e 92 327
e 92 392
e 92 662
e 93 147
e 93 235
e 93 707
e 94 293
e 94 309
e 94 356
e 95 142
e 95 150
e 95 327
e 96 185
e 96 276
e 96 594
e 97 143
e 97 189
e 97 242
e 98 121
e 98 305
e 98 611
e 98 876
e 99 120
e 99 121
e 99 856
e 100 120
e 100 236
e 100 316
e 100 317
e 101 108
e 101 118
e 101 439
e 101 464
e 102 151
e 102 244
e 102 288
e 103 153
e 103 486
e 103 832
e 103 838
e 104 297
e 104 300
e 104 463
e 105 307
e 105 688
e 106 191
e 106 288
e 106 552
e 106 675
e 107 181
e 108 637
e 109 113
e 109 130
e 109 576
e 110 237
e 110 483
e 111 172
e 112 278
e 112 362
e 112 538
e 113 196
e 113 557
e 114 210
e 114 321
e 114 863
e 115 299
e 115 313
e 115 750
e 116 188
e 116 324
e 116 361
e 116 444
e 117 152
e 117 187
e 117 239
e 117 757
e 118 348
e 118 474
e 118 623
e 119 333
e 119 339
e 119 405
e 119 640
e 120 364
e 121 536
e 122 130
e 122 237
e 122 534
e 122 558
e 123 399
e 123 465
e 123 690
e 124 145
e 124 333
e 124 429
e 124 821
e 125 467
e 125 785
e 126 146
e 126 234
e 126 240
e 126 269
e 127 346
e 127 788
e 128 212
e 128 481
e 128 793
e 129 161
e 129 303
e 129 564
e 129 881
e 130 334
e 131 287
e 131 441
e 131 584
e 132 358
e 132 537
e 132 588
e 132 836
e 133 339
e 133 393
e 133 616
e 133 753
e 134 195
e 134 299
e 134 442
e 134 530
e 135 203
e 135 299
e 135 570
e 135 791
e 136 213
e 136 497
e 136 587
e 137 294
e 137 626
e 138 183
e 138 477
e 138 491
e 138 854
e 139 411
e 139 494
e 139 731
e 140 216
e 140 337
e 140 590
e 140 758
e 141 355
e 141 451
e 141 620
e 141 775
e 142 465
e 142 575
e 143 357
e 143 548
e 144 254
e 144 318
e 145 201
e 145 282
e 145 386
e 146 466
e 146 706
e 146 752
e 147 225
e 147 518
e 147 539
e 148 202
e 148 323
e 148 864
e 149 280
e 149 295
e 149 329
e 149 468
e 150 408
e 150 529
e 150 711
e 151 310
e 151 748
e 151 878
e 152 169
e 152 444
e 152 738
e 153 269
e 153 330
e 154 507
e 155 235
e 155 545
e 156 496
e 156 660
e 157 230
e 157 306
e 157 367
e 157 655
e 158 510
e 158 712
e 158 805
e 159 181
e 159 356
e 159 663
e 159 862
e 160 258
e 160 491
e 160 553
e 160 573
e 161 487
e 161 559
e 162 219
e 162 504
e 163 503
e 164 484
e 164 549
e 164 875
e 165 197
e 165 357
e 166 471
e 167 358
e 167 485
e 168 291
e 168 364
e 168 547
e 169 265
e 169 290
e 170 323
e 171 222
e 171 445
e 172 218
e 172 298
e 173 338
e 174 265
e 174 322
e 174 816
e 175 208
e 176 342
e 176 503
e 177 490
e 178 233
e 178 618
e 178 770
e 179 345
e 179 406
e 179 578
e 180 448
e 180 699
e 181 722
e 182 200
e 182 861
e 183 430
e 184 209
e 184 429
e 185 191
e 185 397
e 186 480
e 186 705
e 186 841
e 187 528
e 187 885
e 188 342
e 188 379
e 189 749
e 189 767
e 190 323
e 190 435
e 191 720
e 193 231
e 193 461
e 194 315
e 195 369
e 195 744
e 196 434
e 196 592
e 197 212
e 197 223
e 198 580
e 198 593
e 199 431
e 200 285
e 200 567
e 201 410
e 201 827
e 202 297
e 203 388
e 204 273
e 204 564
e 205 234
e 205 442
e 205 846
e 206 462
e 206 551
e 207 440
e 208 244
e 208 483
e 209 300
e 210 522
e 210 837
e 211 340
e 212 665
e 213 531
e 214 396
e 214 422
e 214 589
e 215 373
e 215 746
e 216 253
e 216 409
e 217 668
e 218 459
e 219 293
e 220 437
e 221 437
e 221 634
e 223 488
e 224 263
e 224 355
e 225 316
e 225 817
e 226 296
e 226 350
e 227 272
e 227 376
e 227 613
e 228 595
e 228 778
e 228 852
e 229 248
e 229 511
e 230 360
e 230 582
e 231 274
e 232 281
e 232 550
e 232 721
e 233 296
e 236 313
e 238 248
e 238 395
e 238 535
e 239 457
e 239 635
e 240 343
e 240 469
e 241 284
e 241 301
e 241 426
e 242 332
e 242 405
e 243 270
e 243 289
e 244 332
e 245 251
e 245 267
e 246 298
e 246 478
e 246 527
e 247 312
e 247 330
e 248 589
e 249 285
e 249 385
e 250 419
e 251 257
e 252 383
e 253 266
e 254 454
e 255 330
e 255 519
e 255 591
e 256 279
e 256 532
e 257 460
e 257 815
e 258 542
e 258 883
e 259 521
e 259 653
e 260 302
e 260 811
e 261 275
e 261 301
e 261 478
e 262 420
e 263 487
e 263 514
e 264 873
e 265 276
e 266 282
e 266 571
e 267 605
e 268 322
e 268 569
e 268 855
e 270 297
e 270 648
e 271 458
e 271 556
e 271 736
e 272 286
e 272 599
e 274 516
e 274 703
e 275 561
e 275 773
e 276 443
e 277 505
e 277 677
e 278 476
e 279 287
e 280 306
e 281 681
e 282 578
e 283 295
e 283 305
e 283 331
e 284 345
e 284 522
e 285 416
e 286 382
e 288 296
e 289 304
e 289 694
e 290 533
e 290 867
e 291 569
e 292 311
e 292 536
e 292 714
e 293 472
e 294 312
e 294 495
e 295 506
e 300 472
e 301 515
e 303 409
e 303 438
e 304 573
e 305 335
e 307 339
e 307 789
e 308 390
e 308 525
e 308 796
e 309 326
e 310 678
e 311 378
e 312 475
e 313 403
e 314 408
e 314 432
e 315 872
e 316 586
e 317 797
e 318 381
e 318 610
e 319 341
e 319 527
e 319 716
e 320 498
e 320 834
e 321 517
e 322 538
e 324 366
e 325 759
e 326 428
e 327 418
e 328 443
e 328 701
e 329 401
e 331 554
e 331 829
e 333 743
e 334 835
e 335 504
e 335 627
e 336 671
e 337 360
e 338 449
e 338 499
e 340 729
e 341 479
e 342 509
e 343 804
e 344 352
e 344 377
e 347 535
e 347 540
e 348 354
e 349 424
e 350 840
e 351 421
e 351 530
e 353 808
e 354 545
e 359 574
e 361 819
e 363 553
e 363 802
e 365 391
e 365 402
e 367 489
e 368 566
e 368 853
e 369 448
e 370 693
e 371 373
e 371 488
e 372 524
e 372 575
e 374 425
e 374 848
e 375 453
e 375 485
e 376 777
e 377 715
e 379 506
e 381 435
e 382 540
e 384 416
e 387 566
e 387 568
e 389 629
e 392 515
e 393 455
e 394 492
e 395 499
e 398 418
e 398 432
e 399 423
e 400 407
e 404 639
e 404 709
e 411 412
e 412 769
e 413 493
e 413 572
e 414 498
e 415 463
e 415 502
e 417 582
e 417 659
e 420 679
e 421 482
e 426 606
e 427 833
e 428 604
e 433 518
e 434 555
e 436 489
e 436 730
e 438 496
e 439 676
e 441 561
e 445 813
e 449 541
e 450 880
e 451 766
e 452 543
e 453 632
e 456 460
e 457 583
e 466 550
e 467 661
e 469 525
e 470 526
e 470 654
e 471 700
e 475 579
e 477 586
e 480 581
e 481 857
e 490 849
e 493 495
e 494 874
e 497 774
e 500 724
e 501 529
e 509 601
e 511 822
e 512 590
e 516 710
e 519 650
e 520 756
e 523 524
e 523 842
e 526 649
e 528 820
e 532 799
e 533 786
e 537 581
e 539 664
e 542 546
e 543 751
e 544 574
e 547 776
e 548 557
e 551 585
e 552 682
e 554 860
e 555 689
e 556 800
e 558 624
e 560 741
e 560 814
e 562 683
e 563 674
e 565 806
e 567 646
e 570 702
e 571 739
e 572 784
e 576 725
e 577 667
e 577 803
e 579 633
e 585 742
e 587 884
e 588 718
e 592 762
e 597 790
e 603 630
e 607 697
e 608 745
e 609 625
e 614 692
e 619 622
e 638 869
e 651 719
e 652 726
e 666 868
e 685 763
e 687 696
e 698 754
e 717 740
e 734 843
e 737 882
e 747 818
e 768 825
e 782 787
e 795 830
e 845 850
n 3 2
n 12 7
n 23 7
n 25 1
n 34 9
n 50 5
n 55 6
n 61 5
n 73 7
n 76 8
n 85 3
n 128 4
n 143 4
n 145 8
n 206 6
n 237 1
n 251 9
n 292 8
n 299 6
n 375 2
n 399 8
n 406 4
n 413 6
n 422 9
n 445 10
n 476 5
n 477 4
n 494 1
n 545 6
n 560 9
n 611 6
n 612 9
n 672 10
n 682 3
n 685 9
n 691 6
n 705 7
n 725 6
n 736 3
n 742 6
n 792 10
n 845 8
n 877 4
n 878 8
n 899 5
n 902 5
n 913 3
n 922 5
n 945 4
n 965 6
