c FILE tuningInstances/random102.txt
c SOURCE This is a random graph formed for the happy graph colouring problem.
c DESCRIPTION It was generated using the problem generator of Rhyd Lewis
c
c GRAPH STATS
c Seed                             = 54321
c Number of Nodes                  = 1000
c Edge probability defined by user = 0.003003
c Number of colours k              = 50
c Number of pre-assignments        = 150
c Actual density                   = 0.00305506
c 
c The degrees of nodes 1 to 1000, respectively, are as follows 
c [9, 9, 9, 9, 8, 8, 8, 8, 8, 8, 8, 8, 7, 7, 7, 7, 7, 7, 7, 7, 7, 7, 7, 7, 7, 7, 
c  7, 7, 7, 7, 7, 7, 7, 7, 7, 7, 7, 7, 7, 7, 7, 6, 6, 6, 6, 6, 6, 6, 6, 6, 6, 
c  6, 6, 6, 6, 6, 6, 6, 6, 6, 6, 6, 6, 6, 6, 6, 6, 6, 6, 6, 6, 6, 6, 6, 6, 6, 
c  6, 6, 6, 6, 6, 6, 6, 6, 6, 6, 6, 6, 5, 5, 5, 5, 5, 5, 5, 5, 5, 5, 5, 5, 5, 
c  5, 5, 5, 5, 5, 5, 5, 5, 5, 5, 5, 5, 5, 5, 5, 5, 5, 5, 5, 5, 5, 5, 5, 5, 5, 
c  5, 5, 5, 5, 5, 5, 5, 5, 5, 5, 5, 5, 5, 5, 5, 5, 5, 5, 5, 5, 5, 5, 5, 5, 5, 
c  5, 5, 5, 5, 5, 5, 5, 5, 5, 5, 5, 5, 5, 5, 5, 5, 5, 5, 5, 5, 5, 5, 5, 5, 5, 
c  5, 5, 5, 5, 5, 5, 5, 5, 5, 5, 5, 5, 5, 5, 5, 5, 5, 5, 5, 5, 5, 5, 5, 5, 5, 
c  4, 4, 4, 4, 4, 4, 4, 4, 4, 4, 4, 4, 4, 4, 4, 4, 4, 4, 4, 4, 4, 4, 4, 4, 4, 
c  4, 4, 4, 4, 4, 4, 4, 4, 4, 4, 4, 4, 4, 4, 4, 4, 4, 4, 4, 4, 4, 4, 4, 4, 4, 
c  4, 4, 4, 4, 4, 4, 4, 4, 4, 4, 4, 4, 4, 4, 4, 4, 4, 4, 4, 4, 4, 4, 4, 4, 4, 
c  4, 4, 4, 4, 4, 4, 4, 4, 4, 4, 4, 4, 4, 4, 4, 4, 4, 4, 4, 4, 4, 4, 4, 4, 4, 
c  4, 4, 4, 4, 4, 4, 4, 4, 4, 4, 4, 4, 4, 4, 4, 4, 4, 4, 4, 4, 4, 4, 4, 4, 4, 
c  4, 4, 4, 4, 4, 4, 4, 4, 4, 4, 4, 4, 4, 4, 4, 4, 4, 4, 4, 4, 4, 4, 4, 4, 4, 
c  4, 4, 4, 4, 4, 4, 4, 4, 4, 4, 4, 4, 4, 4, 4, 4, 4, 4, 4, 4, 4, 4, 3, 3, 3, 
c  3, 3, 3, 3, 3, 3, 3, 3, 3, 3, 3, 3, 3, 3, 3, 3, 3, 3, 3, 3, 3, 3, 3, 3, 3, 
c  3, 3, 3, 3, 3, 3, 3, 3, 3, 3, 3, 3, 3, 3, 3, 3, 3, 3, 3, 3, 3, 3, 3, 3, 3, 
c  3, 3, 3, 3, 3, 3, 3, 3, 3, 3, 3, 3, 3, 3, 3, 3, 3, 3, 3, 3, 3, 3, 3, 3, 3, 
c  3, 3, 3, 3, 3, 3, 3, 3, 3, 3, 3, 3, 3, 3, 3, 3, 3, 3, 3, 3, 3, 3, 3, 3, 3, 
c  3, 3, 3, 3, 3, 3, 3, 3, 3, 3, 3, 3, 3, 3, 3, 3, 3, 3, 3, 3, 3, 3, 3, 3, 3, 
c  3, 3, 3, 3, 3, 3, 3, 3, 3, 3, 3, 3, 3, 3, 3, 3, 3, 3, 3, 3, 3, 3, 3, 3, 3, 
c  3, 3, 3, 3, 3, 3, 3, 3, 3, 3, 3, 3, 3, 3, 3, 3, 3, 3, 3, 3, 3, 3, 3, 3, 3, 
c  3, 3, 3, 3, 3, 3, 3, 3, 3, 3, 3, 3, 3, 3, 3, 3, 3, 3, 2, 2, 2, 2, 2, 2, 2, 
c  2, 2, 2, 2, 2, 2, 2, 2, 2, 2, 2, 2, 2, 2, 2, 2, 2, 2, 2, 2, 2, 2, 2, 2, 2, 
c  2, 2, 2, 2, 2, 2, 2, 2, 2, 2, 2, 2, 2, 2, 2, 2, 2, 2, 2, 2, 2, 2, 2, 2, 2, 
c  2, 2, 2, 2, 2, 2, 2, 2, 2, 2, 2, 2, 2, 2, 2, 2, 2, 2, 2, 2, 2, 2, 2, 2, 2, 
c  2, 2, 2, 2, 2, 2, 2, 2, 2, 2, 2, 2, 2, 2, 2, 2, 2, 2, 2, 2, 2, 2, 2, 2, 2, 
c  2, 2, 2, 2, 2, 2, 2, 2, 2, 2, 2, 2, 2, 2, 2, 2, 2, 2, 2, 2, 2, 2, 2, 2, 2, 
c  2, 2, 2, 2, 2, 2, 2, 2, 2, 2, 2, 2, 2, 2, 2, 2, 2, 2, 2, 2, 2, 2, 2, 2, 2, 
c  2, 2, 2, 2, 2, 2, 2, 2, 2, 2, 2, 2, 2, 2, 2, 2, 2, 2, 2, 2, 2, 2, 2, 2, 2, 
c  2, 2, 2, 2, 2, 2, 2, 2, 2, 2, 2, 2, 2, 2, 2, 2, 2, 2, 2, 2, 2, 2, 2, 2, 2, 
c  2, 2, 2, 2, 2, 2, 2, 2, 2, 2, 2, 2, 2, 2, 2, 2, 2, 2, 2, 2, 2, 2, 2, 2, 2, 
c  2, 2, 2, 2, 2, 1, 1, 1, 1, 1, 1, 1, 1, 1, 1, 1, 1, 1, 1, 1, 1, 1, 1, 1, 1, 
c  1, 1, 1, 1, 1, 1, 1, 1, 1, 1, 1, 1, 1, 1, 1, 1, 1, 1, 1, 1, 1, 1, 1, 1, 1, 
c  1, 1, 1, 1, 1, 1, 1, 1, 1, 1, 1, 1, 1, 1, 1, 1, 1, 1, 1, 1, 1, 1, 1, 1, 1, 
c  1, 1, 1, 1, 1, 1, 1, 1, 1, 1, 1, 1, 1, 1, 1, 1, 1, 1, 1, 1, 1, 1, 1, 1, 1, 
c  1, 1, 1, 1, 1, 1, 1, 1, 1, 1, 1, 1, 1, 1, 1, 1, 1, 1, 1, 1, 1, 1, 1, 1, 1, 
c  1, 1, 1, 1, 1, 1, 1, 1, 1, 1, 1, 1, 1, 1, 1, 1, 1, 1, 1, 1, 1, 1, 1, 1, 1, 
c  1, 1, 1, 1, 1, 1, 1, 0, 0, 0, 0, 0, 0, 0, 0, 0, 0, 0, 0, 0, 0, 0, 0, 0, 0, 
c  0, 0, 0, 0, 0, 0, 0, 0, 0, 0, 0, 0, 0, 0, 0, 0, 0, 0, 0, 0, 0, 0, 0, 0] 
c  
p edge 1000 1526 50
e 1 6
e 1 85
e 1 129
e 1 158
e 1 227
e 1 228
e 1 325
e 1 426
e 1 710
e 2 32
e 2 75
e 2 135
e 2 172
e 2 184
e 2 190
e 2 367
e 2 735
e 2 744
e 3 45
e 3 73
e 3 136
e 3 326
e 3 330
e 3 360
e 3 381
e 3 453
e 3 554
e 4 62
e 4 67
e 4 153
e 4 256
e 4 362
e 4 528
e 4 696
e 4 779
e 4 825
e 5 17
e 5 164
e 5 309
e 5 340
e 5 459
e 5 641
e 5 742
e 5 956
e 6 33
e 6 70
e 6 190
e 6 241
e 6 394
e 6 620
e 6 886
e 7 17
e 7 31
e 7 140
e 7 144
e 7 200
e 7 203
e 7 485
e 7 781
e 8 15
e 8 56
e 8 61
e 8 142
e 8 194
e 8 672
e 8 726
e 8 949
e 9 19
e 9 211
e 9 453
e 9 623
e 9 654
e 9 657
e 9 695
e 9 829
e 10 128
e 10 160
e 10 279
e 10 289
e 10 366
e 10 379
e 10 547
e 10 675
e 11 82
e 11 223
e 11 269
e 11 487
e 11 501
e 11 819
e 11 882
e 11 940
e 12 126
e 12 145
e 12 175
e 12 238
e 12 483
e 12 542
e 12 611
e 12 797
e 13 113
e 13 159
e 13 166
e 13 276
e 13 458
e 13 647
e 13 862
e 14 77
e 14 90
e 14 152
e 14 198
e 14 360
e 14 480
e 14 578
e 15 21
e 15 58
e 15 482
e 15 593
e 15 811
e 15 828
e 16 38
e 16 90
e 16 127
e 16 189
e 16 199
e 16 278
e 16 590
e 17 46
e 17 269
e 17 457
e 17 606
e 17 663
e 18 27
e 18 43
e 18 145
e 18 183
e 18 212
e 18 333
e 18 373
e 19 65
e 19 152
e 19 156
e 19 163
e 19 424
e 19 543
e 20 26
e 20 112
e 20 188
e 20 343
e 20 459
e 20 547
e 20 557
e 21 204
e 21 220
e 21 274
e 21 286
e 21 335
e 21 339
e 22 33
e 22 40
e 22 54
e 22 185
e 22 190
e 22 297
e 22 905
e 23 85
e 23 240
e 23 278
e 23 294
e 23 399
e 23 503
e 23 793
e 24 76
e 24 218
e 24 239
e 24 282
e 24 377
e 24 502
e 24 899
e 25 325
e 25 422
e 25 425
e 25 560
e 25 563
e 25 618
e 25 776
e 26 57
e 26 65
e 26 98
e 26 395
e 26 477
e 26 708
e 27 41
e 27 91
e 27 255
e 27 505
e 27 798
e 27 804
e 28 40
e 28 107
e 28 192
e 28 352
e 28 422
e 28 754
e 28 801
e 29 58
e 29 90
e 29 103
e 29 129
e 29 479
e 29 728
e 29 795
e 30 69
e 30 83
e 30 190
e 30 374
e 30 536
e 30 540
e 30 805
e 31 102
e 31 120
e 31 191
e 31 199
e 31 293
e 31 705
e 32 108
e 32 224
e 32 370
e 32 382
e 32 407
e 32 505
e 33 97
e 33 135
e 33 353
e 33 566
e 33 762
e 34 110
e 34 155
e 34 187
e 34 208
e 34 238
e 34 467
e 34 506
e 35 67
e 35 99
e 35 207
e 35 314
e 35 346
e 35 403
e 35 572
e 36 55
e 36 115
e 36 117
e 36 303
e 36 331
e 36 703
e 36 870
e 37 63
e 37 64
e 37 138
e 37 156
e 37 178
e 37 345
e 37 724
e 38 126
e 38 238
e 38 308
e 38 327
e 38 355
e 38 486
e 39 112
e 39 384
e 39 387
e 39 496
e 39 784
e 39 798
e 39 814
e 40 69
e 40 321
e 40 344
e 40 763
e 40 796
e 41 88
e 41 141
e 41 158
e 41 167
e 41 416
e 41 456
e 42 51
e 42 143
e 42 244
e 42 380
e 42 425
e 42 855
e 43 74
e 43 133
e 43 176
e 43 277
e 43 473
e 44 55
e 44 141
e 44 338
e 44 345
e 44 663
e 44 673
e 45 54
e 45 65
e 45 310
e 45 332
e 45 342
e 46 62
e 46 219
e 46 441
e 46 570
e 46 717
e 47 79
e 47 221
e 47 225
e 47 496
e 47 511
e 47 695
e 48 116
e 48 245
e 48 270
e 48 317
e 48 411
e 48 562
e 49 263
e 49 452
e 49 474
e 49 478
e 49 847
e 49 943
e 50 53
e 50 134
e 50 353
e 50 390
e 50 465
e 50 546
e 51 131
e 51 227
e 51 349
e 51 720
e 51 824
e 52 97
e 52 141
e 52 174
e 52 276
e 52 748
e 52 858
e 53 138
e 53 155
e 53 285
e 53 316
e 53 658
e 54 107
e 54 336
e 54 433
e 54 660
e 55 132
e 55 329
e 55 368
e 55 556
e 56 184
e 56 264
e 56 442
e 56 504
e 56 654
e 57 65
e 57 79
e 57 93
e 57 454
e 57 944
e 58 96
e 58 101
e 58 177
e 58 375
e 59 67
e 59 96
e 59 116
e 59 348
e 59 358
e 59 853
e 60 162
e 60 243
e 60 400
e 60 614
e 60 849
e 60 919
e 61 87
e 61 123
e 61 375
e 61 881
e 61 927
e 62 90
e 62 93
e 62 473
e 62 605
e 63 175
e 63 186
e 63 249
e 63 273
e 63 286
e 64 106
e 64 146
e 64 181
e 64 340
e 64 894
e 65 124
e 65 521
e 66 67
e 66 277
e 66 353
e 66 423
e 66 501
e 66 903
e 67 190
e 67 255
e 68 120
e 68 188
e 68 339
e 68 441
e 68 462
e 68 638
e 69 75
e 69 233
e 69 711
e 69 763
e 70 120
e 70 125
e 70 199
e 70 229
e 70 284
e 71 185
e 71 233
e 71 308
e 71 439
e 71 525
e 71 680
e 72 372
e 72 433
e 72 522
e 72 582
e 72 737
e 72 769
e 73 219
e 73 247
e 73 327
e 73 488
e 73 591
e 74 155
e 74 179
e 74 204
e 74 347
e 74 351
e 75 123
e 75 139
e 75 239
e 75 371
e 76 230
e 76 291
e 76 296
e 76 347
e 76 439
e 77 246
e 77 303
e 77 457
e 77 458
e 77 677
e 78 178
e 78 250
e 78 318
e 78 352
e 78 579
e 78 753
e 79 100
e 79 296
e 79 371
e 79 548
e 80 312
e 80 466
e 80 469
e 80 635
e 80 706
e 80 866
e 81 109
e 81 114
e 81 460
e 81 553
e 81 732
e 81 947
e 82 281
e 82 356
e 82 586
e 82 612
e 82 635
e 83 134
e 83 337
e 83 424
e 83 426
e 83 446
e 84 347
e 84 451
e 84 472
e 84 596
e 84 792
e 84 834
e 85 281
e 85 726
e 85 739
e 85 873
e 86 197
e 86 257
e 86 508
e 86 605
e 86 662
e 86 729
e 87 194
e 87 453
e 87 584
e 87 831
e 87 931
e 88 99
e 88 211
e 88 232
e 88 396
e 88 491
e 89 128
e 89 137
e 89 173
e 89 499
e 89 671
e 90 879
e 91 209
e 91 250
e 91 535
e 91 539
e 92 149
e 92 202
e 92 254
e 92 625
e 92 735
e 93 97
e 93 481
e 93 749
e 94 98
e 94 229
e 94 266
e 94 416
e 94 728
e 95 191
e 95 348
e 95 497
e 95 715
e 95 751
e 96 697
e 96 851
e 96 868
e 97 368
e 97 487
e 98 333
e 98 555
e 98 592
e 99 304
e 99 383
e 99 443
e 100 111
e 100 500
e 100 514
e 100 860
e 101 168
e 101 355
e 101 408
e 101 685
e 102 109
e 102 130
e 102 274
e 102 414
e 103 151
e 103 215
e 103 340
e 103 537
e 104 106
e 104 119
e 104 239
e 104 413
e 104 552
e 105 176
e 105 208
e 105 279
e 105 385
e 105 645
e 106 518
e 106 806
e 106 898
e 107 222
e 107 541
e 107 826
e 108 222
e 108 318
e 108 329
e 108 436
e 109 519
e 109 573
e 109 604
e 110 182
e 110 263
e 110 362
e 110 807
e 111 349
e 111 423
e 111 669
e 111 802
e 112 127
e 112 187
e 112 692
e 113 185
e 113 186
e 113 668
e 113 721
e 114 156
e 114 217
e 114 229
e 114 343
e 115 356
e 115 462
e 115 637
e 115 652
e 116 168
e 116 351
e 116 430
e 117 306
e 117 357
e 117 651
e 117 713
e 118 243
e 118 301
e 118 320
e 118 477
e 118 612
e 119 203
e 119 266
e 119 316
e 119 809
e 120 367
e 120 540
e 121 213
e 121 613
e 121 734
e 121 900
e 121 938
e 122 201
e 122 263
e 122 361
e 122 403
e 122 532
e 123 167
e 123 170
e 123 661
e 124 182
e 124 389
e 124 699
e 124 802
e 125 195
e 125 512
e 125 576
e 125 700
e 126 223
e 126 600
e 126 889
e 127 131
e 127 146
e 127 510
e 128 231
e 128 323
e 128 333
e 129 344
e 129 366
e 129 444
e 130 180
e 130 288
e 130 331
e 130 513
e 131 237
e 131 404
e 131 433
e 132 350
e 132 486
e 132 541
e 132 772
e 133 172
e 133 532
e 133 627
e 133 687
e 134 305
e 134 392
e 134 688
e 135 335
e 135 380
e 135 649
e 136 306
e 136 307
e 136 402
e 136 587
e 137 388
e 137 619
e 137 629
e 137 764
e 138 292
e 138 318
e 138 328
e 139 342
e 139 413
e 139 513
e 139 642
e 140 184
e 140 312
e 140 429
e 140 721
e 141 221
e 141 282
e 142 229
e 142 267
e 142 610
e 142 617
e 143 219
e 143 300
e 143 503
e 143 746
e 144 151
e 144 265
e 144 418
e 144 757
e 145 254
e 145 360
e 145 793
e 146 289
e 146 609
e 146 679
e 147 158
e 147 235
e 147 553
e 147 588
e 147 659
e 148 204
e 148 312
e 148 381
e 148 447
e 148 468
e 149 261
e 149 509
e 149 534
e 149 606
e 150 153
e 150 236
e 150 272
e 150 530
e 150 636
e 151 415
e 151 486
e 151 760
e 152 307
e 152 391
e 152 539
e 153 193
e 153 209
e 153 504
e 154 175
e 154 184
e 154 197
e 154 337
e 154 378
e 155 305
e 155 549
e 156 435
e 156 769
e 157 183
e 157 191
e 157 545
e 157 719
e 157 787
e 158 377
e 158 914
e 159 286
e 159 346
e 159 492
e 159 904
e 160 309
e 160 504
e 160 643
e 160 702
e 161 199
e 161 236
e 161 563
e 161 591
e 161 693
e 162 198
e 162 265
e 162 334
e 162 822
e 163 473
e 163 476
e 163 562
e 163 803
e 164 385
e 164 595
e 164 667
e 164 906
e 165 217
e 165 252
e 165 277
e 165 536
e 165 908
e 166 216
e 166 386
e 166 520
e 166 796
e 167 347
e 167 381
e 167 533
e 168 203
e 168 249
e 168 631
e 169 239
e 169 275
e 169 406
e 169 488
e 169 514
e 170 351
e 170 408
e 170 454
e 170 521
e 171 244
e 171 298
e 171 399
e 171 408
e 171 507
e 172 248
e 172 311
e 172 575
e 173 426
e 173 668
e 173 692
e 173 892
e 174 216
e 174 290
e 174 349
e 174 808
e 175 319
e 175 320
e 176 248
e 176 551
e 176 794
e 177 207
e 177 331
e 177 588
e 177 638
e 178 248
e 178 752
e 178 790
e 179 364
e 179 367
e 179 467
e 179 526
e 180 542
e 180 891
e 180 948
e 180 955
e 181 386
e 181 590
e 181 659
e 181 681
e 182 321
e 182 561
e 182 587
e 183 195
e 183 241
e 183 373
e 184 482
e 185 220
e 185 529
e 186 358
e 186 459
e 186 629
e 187 228
e 187 549
e 187 771
e 188 270
e 188 339
e 188 369
e 189 404
e 189 567
e 189 741
e 189 874
e 191 502
e 191 746
e 192 195
e 192 388
e 192 604
e 192 954
e 193 262
e 193 370
e 193 559
e 193 662
e 194 203
e 194 678
e 194 696
e 195 200
e 195 895
e 196 212
e 196 221
e 196 328
e 196 637
e 196 792
e 197 215
e 197 528
e 197 679
e 198 268
e 198 326
e 198 690
e 199 352
e 200 274
e 200 388
e 200 716
e 201 215
e 201 224
e 201 291
e 201 477
e 202 231
e 202 488
e 202 766
e 204 923
e 205 383
e 205 602
e 205 665
e 205 748
e 206 363
e 206 524
e 206 745
e 206 785
e 207 686
e 207 925
e 208 694
e 208 767
e 209 485
e 209 582
e 210 260
e 210 338
e 210 379
e 210 529
e 211 420
e 211 480
e 212 218
e 212 323
e 213 237
e 213 258
e 213 287
e 214 337
e 214 376
e 214 395
e 214 519
e 215 551
e 216 264
e 216 277
e 217 253
e 217 257
e 218 498
e 218 569
e 219 248
e 220 593
e 220 708
e 221 878
e 222 718
e 222 731
e 223 417
e 223 455
e 224 242
e 224 946
e 225 231
e 225 263
e 225 322
e 226 335
e 226 642
e 226 647
e 226 783
e 227 350
e 227 484
e 228 351
e 228 396
e 230 264
e 230 567
e 230 640
e 231 495
e 232 323
e 232 620
e 232 723
e 233 639
e 233 945
e 234 340
e 234 544
e 234 771
e 234 877
e 235 530
e 235 569
e 235 603
e 236 278
e 236 476
e 237 344
e 237 551
e 238 241
e 240 245
e 240 452
e 240 685
e 241 589
e 242 324
e 242 626
e 242 768
e 243 535
e 243 565
e 244 245
e 244 936
e 245 765
e 246 332
e 246 359
e 246 634
e 247 410
e 247 556
e 247 839
e 249 327
e 249 939
e 250 284
e 250 412
e 251 405
e 251 475
e 251 498
e 251 539
e 252 261
e 252 465
e 252 531
e 253 288
e 253 469
e 253 712
e 254 733
e 254 770
e 255 565
e 255 624
e 256 484
e 256 574
e 256 616
e 257 438
e 257 872
e 258 364
e 258 572
e 258 765
e 259 444
e 259 506
e 259 527
e 259 682
e 260 302
e 260 349
e 260 464
e 261 411
e 261 578
e 262 278
e 262 543
e 262 736
e 264 460
e 265 294
e 265 817
e 266 424
e 266 511
e 267 283
e 267 445
e 267 690
e 268 444
e 268 827
e 268 844
e 269 300
e 269 419
e 270 336
e 270 530
e 271 317
e 271 346
e 271 364
e 271 454
e 272 305
e 272 660
e 272 773
e 273 341
e 273 457
e 273 506
e 274 525
e 275 372
e 275 467
e 275 518
e 276 279
e 276 712
e 279 293
e 280 292
e 280 469
e 280 615
e 280 745
e 281 461
e 281 683
e 282 676
e 282 896
e 283 379
e 283 400
e 283 474
e 284 422
e 284 559
e 285 294
e 285 329
e 285 673
e 286 512
e 287 309
e 287 311
e 287 330
e 288 397
e 288 559
e 289 481
e 289 500
e 290 310
e 290 704
e 290 741
e 291 354
e 291 558
e 292 564
e 292 601
e 293 744
e 293 758
e 294 622
e 295 314
e 295 684
e 295 789
e 295 875
e 296 514
e 296 675
e 297 325
e 297 558
e 297 804
e 298 560
e 298 648
e 298 754
e 299 374
e 299 493
e 299 794
e 299 835
e 300 598
e 300 740
e 301 596
e 301 653
e 301 770
e 302 322
e 302 363
e 302 365
e 303 460
e 303 800
e 304 458
e 304 535
e 304 928
e 305 355
e 306 308
e 306 383
e 307 507
e 307 775
e 308 373
e 309 640
e 310 312
e 310 350
e 311 456
e 311 624
e 313 465
e 313 680
e 313 756
e 313 885
e 314 437
e 314 918
e 315 446
e 315 452
e 315 730
e 315 836
e 316 448
e 316 497
e 317 327
e 317 795
e 318 933
e 319 417
e 319 447
e 319 743
e 320 773
e 320 917
e 321 410
e 321 526
e 322 552
e 322 701
e 323 360
e 324 478
e 324 639
e 324 751
e 325 421
e 326 608
e 326 657
e 328 369
e 328 538
e 329 780
e 330 345
e 330 859
e 331 718
e 332 414
e 332 930
e 333 472
e 334 354
e 334 714
e 334 750
e 335 513
e 336 511
e 336 523
e 337 715
e 338 527
e 338 689
e 339 378
e 341 434
e 341 464
e 341 466
e 342 524
e 342 646
e 343 372
e 343 440
e 344 791
e 345 358
e 346 806
e 348 563
e 348 915
e 350 558
e 352 805
e 353 724
e 354 475
e 354 537
e 355 838
e 356 440
e 356 702
e 357 423
e 357 432
e 357 910
e 358 365
e 359 415
e 359 584
e 359 749
e 361 543
e 361 737
e 361 842
e 362 552
e 362 592
e 363 487
e 363 529
e 364 449
e 365 490
e 365 533
e 366 448
e 366 656
e 367 623
e 368 508
e 368 616
e 369 644
e 369 701
e 370 430
e 370 926
e 371 427
e 371 958
e 372 470
e 373 490
e 374 537
e 375 498
e 376 393
e 376 509
e 377 442
e 378 953
e 380 941
e 382 577
e 382 725
e 384 419
e 384 579
e 385 443
e 386 497
e 387 441
e 387 450
e 389 786
e 389 935
e 390 451
e 390 562
e 391 533
e 391 922
e 392 520
e 392 820
e 393 631
e 393 782
e 394 455
e 394 865
e 395 450
e 396 553
e 397 494
e 397 664
e 398 544
e 398 609
e 398 786
e 399 651
e 400 570
e 401 485
e 401 586
e 401 670
e 402 494
e 402 710
e 403 648
e 404 548
e 405 461
e 405 670
e 406 550
e 406 581
e 407 478
e 407 610
e 409 658
e 409 707
e 409 774
e 410 510
e 411 573
e 412 691
e 412 705
e 413 669
e 414 438
e 415 797
e 416 546
e 417 686
e 418 566
e 418 650
e 419 437
e 420 594
e 420 700
e 421 501
e 421 890
e 425 934
e 427 523
e 427 545
e 428 687
e 428 693
e 428 720
e 429 447
e 429 942
e 430 848
e 431 471
e 431 554
e 431 837
e 432 556
e 432 621
e 434 652
e 434 666
e 435 502
e 435 846
e 436 622
e 436 698
e 437 840
e 438 564
e 439 843
e 440 621
e 442 495
e 443 493
e 445 799
e 445 845
e 446 787
e 448 691
e 449 719
e 449 810
e 450 929
e 451 554
e 455 580
e 456 957
e 461 489
e 462 871
e 463 527
e 463 568
e 463 643
e 464 557
e 466 632
e 468 517
e 468 583
e 470 632
e 470 738
e 471 791
e 471 864
e 472 532
e 474 618
e 475 550
e 476 709
e 479 503
e 479 627
e 480 645
e 481 489
e 482 611
e 483 525
e 483 567
e 484 540
e 489 528
e 490 747
e 491 732
e 491 833
e 492 534
e 492 704
e 493 729
e 494 508
e 495 550
e 496 799
e 499 561
e 499 778
e 500 577
e 505 803
e 507 782
e 509 733
e 510 534
e 512 937
e 515 516
e 515 697
e 515 776
e 516 544
e 516 599
e 517 538
e 517 641
e 518 932
e 519 545
e 520 727
e 521 821
e 522 788
e 522 801
e 523 783
e 524 608
e 526 722
e 531 557
e 531 884
e 536 883
e 538 613
e 541 581
e 542 644
e 546 951
e 547 920
e 548 585
e 549 767
e 555 585
e 555 789
e 560 887
e 561 823
e 564 626
e 565 674
e 566 698
e 568 727
e 568 790
e 569 725
e 571 742
e 571 916
e 574 743
e 575 597
e 576 779
e 580 888
e 583 601
e 589 619
e 594 614
e 595 633
e 597 758
e 598 600
e 599 780
e 602 664
e 603 722
e 607 674
e 607 815
e 615 716
e 617 630
e 625 738
e 628 655
e 628 876
e 630 869
e 633 656
e 634 902
e 636 723
e 646 688
e 649 677
e 650 755
e 653 676
e 655 694
e 661 730
e 665 699
e 666 683
e 667 703
e 671 717
e 672 832
e 678 777
e 681 762
e 682 775
e 684 761
e 689 857
e 706 739
e 707 788
e 709 772
e 711 759
e 713 714
e 731 893
e 734 777
e 736 867
e 740 813
e 747 752
e 750 761
e 753 757
e 755 854
e 756 921
e 759 901
e 760 800
e 764 907
e 766 924
e 768 830
e 774 912
e 778 785
e 781 880
e 784 911
e 812 952
e 816 863
e 818 856
e 841 950
e 850 897
e 852 861
e 909 913
n 3 2
n 12 7
n 23 50
n 25 29
n 34 36
n 50 32
n 55 46
n 61 38
n 69 7
n 73 30
n 75 40
n 76 8
n 85 3
n 87 42
n 103 25
n 106 25
n 110 24
n 124 36
n 128 48
n 136 11
n 143 28
n 144 8
n 145 44
n 149 46
n 150 37
n 152 20
n 160 30
n 167 10
n 177 30
n 196 36
n 197 16
n 198 38
n 203 16
n 206 24
n 217 11
n 235 23
n 237 1
n 246 37
n 247 18
n 251 45
n 252 33
n 265 9
n 273 36
n 285 46
n 292 37
n 299 19
n 301 37
n 310 39
n 336 35
n 354 14
n 366 3
n 368 7
n 375 13
n 379 2
n 390 37
n 399 11
n 406 25
n 413 14
n 418 13
n 422 9
n 433 35
n 445 41
n 466 29
n 474 5
n 476 17
n 477 34
n 479 17
n 487 12
n 488 24
n 494 42
n 515 38
n 519 11
n 529 41
n 543 14
n 545 40
n 550 48
n 556 8
n 560 18
n 574 33
n 609 8
n 611 6
n 612 16
n 621 26
n 622 1
n 623 14
n 624 8
n 643 44
n 646 36
n 654 11
n 657 9
n 668 37
n 672 33
n 673 49
n 679 33
n 680 38
n 681 24
n 682 43
n 685 15
n 691 35
n 693 40
n 698 24
n 703 33
n 705 49
n 710 25
n 722 35
n 725 26
n 736 20
n 742 12
n 743 9
n 754 8
n 766 28
n 776 26
n 785 21
n 789 44
n 792 10
n 798 27
n 804 36
n 807 5
n 812 5
n 824 17
n 834 26
n 843 3
n 845 23
n 850 19
n 861 29
n 869 16
n 873 48
n 874 7
n 877 21
n 878 22
n 883 11
n 885 41
n 897 47
n 899 39
n 902 5
n 906 5
n 913 47
n 916 21
n 922 31
n 924 45
n 944 25
n 945 4
n 947 44
n 949 37
n 953 45
n 965 27
n 974 28
n 981 5
n 996 20
n 997 36
