c FILE tuningInstances/random103.txt
c SOURCE This is a random graph formed for the happy graph colouring problem.
c DESCRIPTION It was generated using the problem generator of Rhyd Lewis
c
c GRAPH STATS
c Seed                             = 54321
c Number of Nodes                  = 1000
c Edge probability defined by user = 0.004004
c Number of colours k              = 50
c Number of pre-assignments        = 150
c Actual density                   = 0.00400601
c 
c The degrees of nodes 1 to 1000, respectively, are as follows 
c [13, 11, 11, 11, 10, 10, 10, 10, 10, 9, 9, 9, 9, 9, 9, 9, 9, 9, 9, 9, 9, 9, 9, 8, 8, 8, 
c  8, 8, 8, 8, 8, 8, 8, 8, 8, 8, 8, 8, 8, 8, 7, 7, 7, 7, 7, 7, 7, 7, 7, 7, 7, 
c  7, 7, 7, 7, 7, 7, 7, 7, 7, 7, 7, 7, 7, 7, 7, 7, 7, 7, 7, 7, 7, 7, 7, 7, 7, 
c  7, 7, 7, 7, 7, 7, 7, 7, 7, 7, 7, 7, 7, 7, 7, 7, 7, 7, 7, 7, 7, 7, 7, 7, 7, 
c  7, 7, 7, 7, 7, 7, 7, 7, 7, 7, 7, 7, 6, 6, 6, 6, 6, 6, 6, 6, 6, 6, 6, 6, 6, 
c  6, 6, 6, 6, 6, 6, 6, 6, 6, 6, 6, 6, 6, 6, 6, 6, 6, 6, 6, 6, 6, 6, 6, 6, 6, 
c  6, 6, 6, 6, 6, 6, 6, 6, 6, 6, 6, 6, 6, 6, 6, 6, 6, 6, 6, 6, 6, 6, 6, 6, 6, 
c  6, 6, 6, 6, 6, 6, 6, 6, 6, 6, 6, 6, 6, 6, 6, 6, 6, 6, 6, 6, 6, 6, 6, 6, 6, 
c  6, 6, 6, 6, 6, 6, 6, 6, 6, 6, 6, 6, 6, 6, 6, 6, 6, 6, 6, 6, 6, 6, 6, 6, 6, 
c  6, 6, 5, 5, 5, 5, 5, 5, 5, 5, 5, 5, 5, 5, 5, 5, 5, 5, 5, 5, 5, 5, 5, 5, 5, 
c  5, 5, 5, 5, 5, 5, 5, 5, 5, 5, 5, 5, 5, 5, 5, 5, 5, 5, 5, 5, 5, 5, 5, 5, 5, 
c  5, 5, 5, 5, 5, 5, 5, 5, 5, 5, 5, 5, 5, 5, 5, 5, 5, 5, 5, 5, 5, 5, 5, 5, 5, 
c  5, 5, 5, 5, 5, 5, 5, 5, 5, 5, 5, 5, 5, 5, 5, 5, 5, 5, 5, 5, 5, 5, 5, 5, 5, 
c  5, 5, 5, 5, 5, 5, 5, 5, 5, 5, 5, 5, 5, 5, 5, 5, 5, 5, 5, 5, 5, 5, 5, 5, 5, 
c  5, 5, 5, 5, 5, 5, 5, 5, 5, 5, 5, 5, 5, 5, 5, 5, 5, 5, 5, 5, 5, 5, 4, 4, 4, 
c  4, 4, 4, 4, 4, 4, 4, 4, 4, 4, 4, 4, 4, 4, 4, 4, 4, 4, 4, 4, 4, 4, 4, 4, 4, 
c  4, 4, 4, 4, 4, 4, 4, 4, 4, 4, 4, 4, 4, 4, 4, 4, 4, 4, 4, 4, 4, 4, 4, 4, 4, 
c  4, 4, 4, 4, 4, 4, 4, 4, 4, 4, 4, 4, 4, 4, 4, 4, 4, 4, 4, 4, 4, 4, 4, 4, 4, 
c  4, 4, 4, 4, 4, 4, 4, 4, 4, 4, 4, 4, 4, 4, 4, 4, 4, 4, 4, 4, 4, 4, 4, 4, 4, 
c  4, 4, 4, 4, 4, 4, 4, 4, 4, 4, 4, 4, 4, 4, 4, 4, 4, 4, 4, 4, 4, 4, 4, 4, 4, 
c  4, 4, 4, 4, 4, 4, 4, 4, 4, 4, 4, 4, 4, 4, 4, 4, 4, 4, 4, 4, 4, 4, 4, 4, 4, 
c  4, 4, 4, 4, 4, 4, 4, 4, 4, 4, 4, 4, 4, 4, 4, 4, 4, 4, 4, 4, 4, 4, 4, 4, 4, 
c  4, 4, 4, 4, 4, 4, 4, 4, 4, 3, 3, 3, 3, 3, 3, 3, 3, 3, 3, 3, 3, 3, 3, 3, 3, 
c  3, 3, 3, 3, 3, 3, 3, 3, 3, 3, 3, 3, 3, 3, 3, 3, 3, 3, 3, 3, 3, 3, 3, 3, 3, 
c  3, 3, 3, 3, 3, 3, 3, 3, 3, 3, 3, 3, 3, 3, 3, 3, 3, 3, 3, 3, 3, 3, 3, 3, 3, 
c  3, 3, 3, 3, 3, 3, 3, 3, 3, 3, 3, 3, 3, 3, 3, 3, 3, 3, 3, 3, 3, 3, 3, 3, 3, 
c  3, 3, 3, 3, 3, 3, 3, 3, 3, 3, 3, 3, 3, 3, 3, 3, 3, 3, 3, 3, 3, 3, 3, 3, 3, 
c  3, 3, 3, 3, 3, 3, 3, 3, 3, 3, 3, 3, 3, 3, 3, 3, 3, 3, 3, 3, 3, 3, 3, 3, 3, 
c  3, 3, 3, 3, 3, 3, 3, 3, 3, 3, 3, 3, 3, 3, 3, 3, 3, 3, 3, 3, 3, 3, 3, 3, 3, 
c  3, 3, 3, 3, 3, 3, 3, 3, 3, 3, 3, 3, 3, 3, 3, 3, 3, 3, 3, 3, 3, 3, 3, 3, 3, 
c  3, 3, 3, 3, 3, 3, 2, 2, 2, 2, 2, 2, 2, 2, 2, 2, 2, 2, 2, 2, 2, 2, 2, 2, 2, 
c  2, 2, 2, 2, 2, 2, 2, 2, 2, 2, 2, 2, 2, 2, 2, 2, 2, 2, 2, 2, 2, 2, 2, 2, 2, 
c  2, 2, 2, 2, 2, 2, 2, 2, 2, 2, 2, 2, 2, 2, 2, 2, 2, 2, 2, 2, 2, 2, 2, 2, 2, 
c  2, 2, 2, 2, 2, 2, 2, 2, 2, 2, 2, 2, 2, 2, 2, 2, 2, 2, 2, 2, 2, 2, 2, 2, 2, 
c  2, 2, 2, 2, 2, 2, 2, 2, 2, 2, 2, 2, 2, 2, 2, 2, 2, 2, 2, 2, 2, 2, 2, 2, 2, 
c  2, 2, 2, 2, 2, 2, 2, 2, 2, 2, 2, 2, 2, 2, 2, 2, 2, 2, 2, 2, 2, 2, 2, 2, 2, 
c  2, 2, 2, 2, 2, 2, 2, 2, 2, 1, 1, 1, 1, 1, 1, 1, 1, 1, 1, 1, 1, 1, 1, 1, 1, 
c  1, 1, 1, 1, 1, 1, 1, 1, 1, 1, 1, 1, 1, 1, 1, 1, 1, 1, 1, 1, 1, 1, 1, 1, 1, 
c  1, 1, 1, 1, 1, 1, 1, 1, 1, 1, 1, 1, 1, 1, 1, 1, 1, 1, 1, 1, 1, 1, 1, 1, 1, 
c  1, 1, 1, 1, 1, 1, 1, 0, 0, 0, 0, 0, 0, 0, 0, 0, 0, 0, 0, 0, 0, 0, 0, 0] 
c  
p edge 1000 2001 50
e 1 13
e 1 43
e 1 67
e 1 81
e 1 168
e 1 220
e 1 302
e 1 464
e 1 473
e 1 517
e 1 735
e 1 778
e 1 893
e 2 4
e 2 8
e 2 56
e 2 115
e 2 162
e 2 227
e 2 228
e 2 271
e 2 292
e 2 303
e 2 543
e 3 29
e 3 50
e 3 190
e 3 197
e 3 202
e 3 328
e 3 362
e 3 364
e 3 447
e 3 564
e 3 825
e 4 81
e 4 103
e 4 109
e 4 132
e 4 266
e 4 269
e 4 297
e 4 473
e 4 508
e 4 844
e 5 42
e 5 100
e 5 109
e 5 117
e 5 166
e 5 218
e 5 225
e 5 276
e 5 640
e 5 771
e 6 71
e 6 75
e 6 124
e 6 164
e 6 338
e 6 348
e 6 659
e 6 716
e 6 881
e 6 933
e 7 12
e 7 38
e 7 86
e 7 102
e 7 244
e 7 258
e 7 378
e 7 438
e 7 603
e 7 829
e 8 151
e 8 263
e 8 324
e 8 531
e 8 553
e 8 611
e 8 737
e 8 753
e 8 786
e 9 28
e 9 91
e 9 93
e 9 142
e 9 354
e 9 356
e 9 398
e 9 399
e 9 542
e 9 620
e 10 56
e 10 185
e 10 199
e 10 288
e 10 456
e 10 521
e 10 622
e 10 872
e 10 908
e 11 94
e 11 110
e 11 144
e 11 158
e 11 164
e 11 317
e 11 455
e 11 804
e 11 935
e 12 22
e 12 70
e 12 315
e 12 324
e 12 397
e 12 399
e 12 615
e 12 678
e 13 46
e 13 62
e 13 104
e 13 212
e 13 238
e 13 278
e 13 513
e 13 527
e 14 36
e 14 102
e 14 157
e 14 195
e 14 207
e 14 216
e 14 327
e 14 370
e 14 874
e 15 33
e 15 142
e 15 288
e 15 306
e 15 327
e 15 343
e 15 359
e 15 540
e 15 550
e 16 25
e 16 51
e 16 116
e 16 149
e 16 175
e 16 241
e 16 337
e 16 450
e 16 520
e 17 25
e 17 65
e 17 163
e 17 189
e 17 222
e 17 286
e 17 345
e 17 651
e 17 978
e 18 90
e 18 227
e 18 291
e 18 373
e 18 375
e 18 387
e 18 404
e 18 497
e 18 956
e 19 43
e 19 63
e 19 112
e 19 152
e 19 153
e 19 193
e 19 742
e 19 748
e 19 754
e 20 154
e 20 176
e 20 188
e 20 225
e 20 377
e 20 457
e 20 477
e 20 540
e 20 823
e 21 24
e 21 59
e 21 206
e 21 304
e 21 455
e 21 630
e 21 650
e 21 710
e 21 824
e 22 77
e 22 189
e 22 335
e 22 358
e 22 458
e 22 461
e 22 643
e 22 709
e 23 28
e 23 167
e 23 255
e 23 342
e 23 421
e 23 676
e 23 730
e 23 747
e 23 783
e 24 42
e 24 51
e 24 177
e 24 236
e 24 300
e 24 362
e 24 367
e 25 72
e 25 477
e 25 577
e 25 787
e 25 913
e 25 970
e 26 251
e 26 314
e 26 330
e 26 374
e 26 398
e 26 518
e 26 579
e 26 657
e 27 33
e 27 51
e 27 235
e 27 334
e 27 391
e 27 639
e 27 744
e 27 772
e 28 100
e 28 180
e 28 246
e 28 582
e 28 642
e 28 657
e 29 38
e 29 126
e 29 183
e 29 310
e 29 325
e 29 585
e 29 769
e 30 81
e 30 109
e 30 123
e 30 158
e 30 262
e 30 348
e 30 361
e 30 807
e 31 69
e 31 234
e 31 284
e 31 406
e 31 447
e 31 470
e 31 635
e 31 789
e 32 39
e 32 126
e 32 175
e 32 217
e 32 342
e 32 416
e 32 446
e 32 470
e 33 34
e 33 68
e 33 131
e 33 475
e 33 579
e 33 677
e 34 50
e 34 68
e 34 69
e 34 72
e 34 269
e 34 274
e 34 713
e 35 54
e 35 87
e 35 108
e 35 115
e 35 195
e 35 219
e 35 529
e 35 848
e 36 138
e 36 193
e 36 395
e 36 401
e 36 554
e 36 566
e 36 623
e 37 210
e 37 246
e 37 280
e 37 679
e 37 693
e 37 917
e 37 947
e 37 972
e 38 76
e 38 124
e 38 157
e 38 536
e 38 755
e 38 888
e 39 96
e 39 160
e 39 172
e 39 213
e 39 258
e 39 307
e 39 855
e 40 163
e 40 222
e 40 269
e 40 447
e 40 495
e 40 767
e 40 790
e 40 966
e 41 132
e 41 143
e 41 263
e 41 289
e 41 411
e 41 563
e 41 627
e 42 85
e 42 168
e 42 206
e 42 527
e 42 822
e 43 382
e 43 418
e 43 502
e 43 531
e 43 723
e 44 68
e 44 124
e 44 168
e 44 299
e 44 644
e 44 802
e 44 878
e 45 71
e 45 156
e 45 236
e 45 471
e 45 492
e 45 566
e 45 750
e 46 79
e 46 150
e 46 166
e 46 268
e 46 326
e 46 428
e 47 63
e 47 95
e 47 165
e 47 191
e 47 282
e 47 545
e 47 668
e 48 75
e 48 147
e 48 213
e 48 425
e 48 454
e 48 519
e 48 644
e 49 58
e 49 93
e 49 121
e 49 271
e 49 272
e 49 391
e 49 964
e 50 58
e 50 62
e 50 312
e 50 332
e 50 525
e 51 74
e 51 466
e 51 761
e 51 778
e 52 80
e 52 85
e 52 120
e 52 385
e 52 521
e 52 528
e 52 896
e 53 98
e 53 146
e 53 262
e 53 281
e 53 318
e 53 555
e 53 596
e 54 86
e 54 186
e 54 379
e 54 417
e 54 527
e 54 899
e 55 134
e 55 172
e 55 214
e 55 511
e 55 560
e 55 674
e 55 853
e 56 125
e 56 280
e 56 589
e 56 644
e 56 650
e 57 296
e 57 374
e 57 435
e 57 445
e 57 669
e 57 896
e 57 926
e 58 80
e 58 209
e 58 248
e 58 307
e 58 343
e 59 219
e 59 223
e 59 332
e 59 581
e 59 594
e 59 614
e 60 105
e 60 140
e 60 160
e 60 174
e 60 187
e 60 305
e 60 639
e 61 95
e 61 96
e 61 122
e 61 154
e 61 207
e 61 291
e 61 306
e 62 76
e 62 149
e 62 253
e 62 516
e 62 813
e 63 167
e 63 215
e 63 237
e 63 334
e 63 373
e 64 115
e 64 134
e 64 187
e 64 415
e 64 439
e 64 478
e 64 912
e 65 216
e 65 436
e 65 442
e 65 630
e 65 635
e 65 695
e 66 113
e 66 236
e 66 246
e 66 435
e 66 544
e 66 586
e 66 720
e 67 298
e 67 415
e 67 484
e 67 565
e 67 598
e 67 820
e 68 204
e 68 372
e 68 448
e 68 975
e 69 300
e 69 307
e 69 323
e 69 613
e 69 731
e 70 85
e 70 159
e 70 212
e 70 225
e 70 417
e 70 634
e 71 132
e 71 201
e 71 214
e 71 472
e 71 505
e 72 85
e 72 123
e 72 211
e 72 247
e 72 562
e 73 114
e 73 197
e 73 239
e 73 600
e 73 635
e 73 727
e 73 792
e 74 321
e 74 410
e 74 475
e 74 594
e 74 867
e 74 928
e 75 104
e 75 112
e 75 193
e 75 291
e 75 389
e 76 102
e 76 108
e 76 180
e 76 353
e 76 850
e 77 166
e 77 257
e 77 369
e 77 394
e 77 479
e 77 498
e 78 158
e 78 302
e 78 341
e 78 402
e 78 453
e 78 627
e 78 800
e 79 185
e 79 328
e 79 493
e 79 545
e 79 850
e 79 856
e 80 256
e 80 292
e 80 485
e 80 703
e 80 725
e 81 92
e 81 102
e 81 152
e 81 178
e 82 216
e 82 342
e 82 366
e 82 376
e 82 518
e 82 789
e 82 790
e 83 280
e 83 289
e 83 347
e 83 495
e 83 510
e 83 581
e 83 841
e 84 108
e 84 253
e 84 363
e 84 523
e 84 534
e 84 611
e 84 905
e 85 549
e 85 675
e 85 865
e 86 109
e 86 248
e 86 266
e 86 275
e 86 468
e 87 98
e 87 102
e 87 561
e 87 724
e 87 728
e 87 910
e 88 110
e 88 149
e 88 372
e 88 535
e 88 706
e 88 714
e 88 765
e 89 101
e 89 109
e 89 402
e 89 449
e 89 576
e 89 753
e 89 834
e 90 133
e 90 213
e 90 295
e 90 482
e 90 530
e 90 626
e 91 118
e 91 255
e 91 259
e 91 305
e 91 662
e 91 697
e 92 128
e 92 347
e 92 378
e 92 381
e 92 496
e 92 586
e 93 165
e 93 270
e 93 390
e 93 724
e 93 853
e 94 119
e 94 233
e 94 238
e 94 285
e 94 513
e 94 551
e 95 104
e 95 136
e 95 370
e 95 780
e 95 902
e 96 200
e 96 249
e 96 535
e 96 719
e 96 900
e 97 147
e 97 201
e 97 261
e 97 264
e 97 304
e 97 478
e 97 940
e 98 156
e 98 518
e 98 613
e 98 615
e 98 637
e 99 259
e 99 274
e 99 303
e 99 494
e 99 499
e 99 751
e 99 769
e 100 255
e 100 311
e 100 325
e 100 485
e 100 538
e 101 285
e 101 294
e 101 392
e 101 530
e 101 746
e 101 795
e 102 327
e 102 491
e 103 116
e 103 121
e 103 184
e 103 497
e 103 707
e 103 876
e 104 201
e 104 385
e 104 515
e 104 701
e 105 283
e 105 344
e 105 428
e 105 540
e 105 582
e 105 641
e 106 194
e 106 272
e 106 334
e 106 366
e 106 699
e 106 776
e 106 815
e 107 142
e 107 233
e 107 386
e 107 545
e 107 567
e 107 688
e 107 748
e 108 212
e 108 499
e 108 529
e 108 551
e 109 534
e 109 746
e 110 299
e 110 343
e 110 452
e 110 666
e 110 729
e 111 112
e 111 128
e 111 234
e 111 390
e 111 400
e 111 683
e 111 838
e 112 315
e 112 329
e 112 601
e 112 647
e 113 287
e 113 295
e 113 385
e 113 395
e 113 473
e 113 475
e 114 154
e 114 208
e 114 241
e 114 287
e 114 692
e 115 137
e 115 222
e 115 331
e 116 191
e 116 293
e 116 422
e 116 707
e 117 380
e 117 451
e 117 716
e 117 775
e 117 861
e 118 136
e 118 251
e 118 414
e 118 469
e 118 733
e 119 165
e 119 338
e 119 436
e 119 480
e 119 857
e 120 274
e 120 449
e 120 742
e 120 816
e 120 967
e 121 339
e 121 348
e 121 490
e 121 691
e 122 125
e 122 190
e 122 289
e 122 514
e 122 677
e 123 672
e 123 845
e 123 930
e 123 938
e 124 226
e 124 415
e 124 679
e 125 168
e 125 306
e 125 441
e 125 761
e 126 257
e 126 407
e 126 594
e 126 660
e 127 326
e 127 502
e 127 532
e 127 742
e 127 781
e 127 976
e 128 380
e 128 489
e 128 632
e 128 686
e 129 141
e 129 204
e 129 492
e 129 704
e 129 906
e 129 934
e 130 131
e 130 196
e 130 204
e 130 389
e 130 470
e 130 688
e 131 135
e 131 435
e 131 501
e 131 980
e 132 139
e 132 403
e 132 450
e 133 434
e 133 436
e 133 504
e 133 756
e 133 803
e 134 404
e 134 424
e 134 547
e 134 599
e 135 154
e 135 199
e 135 229
e 135 240
e 135 491
e 136 426
e 136 457
e 136 570
e 136 725
e 137 215
e 137 354
e 137 521
e 137 532
e 137 943
e 138 319
e 138 393
e 138 412
e 138 427
e 138 509
e 139 209
e 139 330
e 139 379
e 139 588
e 139 879
e 140 156
e 140 358
e 140 467
e 140 536
e 140 573
e 141 349
e 141 557
e 141 612
e 141 649
e 141 908
e 142 276
e 142 319
e 142 833
e 143 278
e 143 349
e 143 397
e 143 398
e 143 852
e 144 217
e 144 353
e 144 388
e 144 819
e 144 854
e 145 322
e 145 395
e 145 408
e 145 696
e 145 734
e 145 937
e 146 257
e 146 411
e 146 618
e 146 729
e 146 921
e 147 155
e 147 226
e 147 509
e 147 745
e 148 262
e 148 296
e 148 554
e 148 648
e 148 657
e 148 927
e 149 278
e 149 355
e 149 736
e 150 167
e 150 231
e 150 352
e 150 498
e 150 868
e 151 239
e 151 307
e 151 425
e 151 497
e 151 925
e 152 559
e 152 606
e 152 654
e 152 864
e 153 163
e 153 195
e 153 203
e 153 329
e 153 642
e 154 334
e 154 503
e 155 233
e 155 350
e 155 351
e 155 355
e 155 485
e 156 182
e 156 578
e 156 659
e 157 242
e 157 337
e 157 434
e 157 563
e 158 182
e 158 736
e 158 813
e 159 386
e 159 548
e 159 579
e 159 929
e 159 965
e 160 180
e 160 198
e 160 319
e 160 476
e 161 170
e 161 195
e 161 422
e 161 505
e 161 525
e 161 599
e 162 216
e 162 267
e 162 313
e 162 732
e 162 854
e 163 562
e 163 875
e 163 946
e 164 295
e 164 457
e 164 608
e 164 849
e 165 178
e 165 187
e 165 709
e 166 402
e 166 432
e 166 873
e 167 256
e 167 362
e 167 369
e 168 668
e 168 776
e 169 172
e 169 176
e 169 211
e 169 276
e 169 460
e 169 781
e 170 431
e 170 522
e 170 550
e 170 684
e 170 907
e 171 252
e 171 315
e 171 574
e 171 743
e 171 812
e 171 901
e 172 346
e 172 521
e 172 835
e 173 174
e 173 231
e 173 273
e 173 345
e 173 500
e 173 589
e 174 341
e 174 454
e 174 479
e 174 509
e 175 317
e 175 442
e 175 517
e 175 702
e 176 218
e 176 299
e 176 388
e 176 492
e 177 234
e 177 243
e 177 252
e 177 426
e 177 465
e 178 536
e 178 612
e 178 693
e 178 847
e 179 205
e 179 298
e 179 414
e 179 490
e 179 709
e 179 836
e 180 324
e 180 749
e 180 754
e 181 266
e 181 359
e 181 441
e 181 464
e 181 520
e 181 801
e 182 193
e 182 305
e 182 538
e 182 606
e 183 249
e 183 300
e 183 388
e 183 539
e 183 698
e 184 215
e 184 284
e 184 356
e 184 690
e 184 897
e 185 188
e 185 250
e 185 588
e 185 803
e 186 206
e 186 311
e 186 353
e 186 461
e 186 626
e 187 279
e 187 444
e 187 691
e 188 424
e 188 500
e 188 695
e 188 842
e 189 287
e 189 512
e 189 555
e 189 557
e 190 325
e 190 413
e 190 576
e 190 680
e 191 305
e 191 344
e 191 530
e 191 533
e 192 254
e 192 342
e 192 512
e 192 602
e 192 638
e 192 646
e 193 372
e 193 434
e 194 226
e 194 357
e 194 687
e 194 799
e 194 871
e 195 404
e 195 556
e 196 248
e 196 371
e 196 414
e 196 439
e 196 516
e 197 284
e 197 367
e 197 443
e 197 592
e 198 226
e 198 364
e 198 365
e 198 371
e 198 726
e 199 391
e 199 570
e 199 818
e 199 958
e 200 319
e 200 418
e 200 534
e 200 763
e 200 880
e 201 211
e 201 587
e 201 689
e 202 404
e 202 452
e 202 591
e 202 680
e 202 704
e 203 448
e 203 467
e 203 533
e 203 593
e 203 713
e 204 482
e 204 541
e 204 556
e 205 313
e 205 640
e 205 661
e 205 665
e 205 797
e 206 450
e 206 676
e 206 847
e 207 282
e 207 383
e 207 493
e 207 567
e 208 615
e 208 663
e 208 758
e 208 819
e 208 833
e 209 326
e 209 462
e 209 743
e 209 977
e 210 240
e 210 357
e 210 458
e 210 784
e 210 797
e 211 381
e 211 574
e 211 801
e 212 340
e 212 368
e 212 822
e 213 328
e 213 361
e 213 652
e 214 730
e 214 903
e 214 907
e 214 953
e 215 223
e 215 258
e 215 373
e 216 477
e 216 806
e 217 288
e 217 361
e 217 424
e 217 792
e 218 590
e 218 646
e 218 710
e 218 756
e 219 256
e 219 368
e 219 767
e 219 878
e 220 259
e 220 441
e 220 547
e 220 572
e 220 772
e 221 298
e 221 302
e 221 432
e 221 552
e 221 554
e 221 815
e 222 279
e 222 459
e 222 473
e 223 227
e 223 275
e 223 363
e 223 836
e 224 361
e 224 488
e 224 526
e 224 682
e 224 793
e 224 892
e 225 349
e 225 444
e 225 636
e 226 471
e 226 598
e 227 239
e 227 450
e 227 686
e 228 232
e 228 252
e 228 383
e 228 387
e 228 858
e 229 231
e 229 461
e 229 680
e 229 889
e 230 263
e 230 759
e 230 864
e 230 869
e 230 872
e 231 327
e 231 607
e 232 546
e 232 712
e 232 715
e 232 741
e 233 405
e 233 763
e 234 407
e 234 808
e 235 248
e 235 439
e 235 601
e 235 865
e 236 273
e 236 354
e 237 365
e 237 387
e 237 503
e 237 817
e 238 346
e 238 535
e 238 691
e 239 269
e 239 363
e 240 308
e 240 350
e 240 583
e 241 353
e 241 577
e 241 677
e 242 300
e 242 453
e 242 526
e 242 869
e 243 374
e 243 754
e 243 794
e 243 895
e 244 341
e 244 547
e 244 645
e 244 810
e 245 339
e 245 449
e 245 472
e 245 618
e 245 687
e 246 602
e 246 645
e 247 331
e 247 538
e 247 593
e 247 655
e 248 286
e 249 420
e 249 463
e 249 821
e 250 480
e 250 542
e 250 639
e 250 890
e 251 268
e 251 621
e 251 726
e 252 341
e 252 587
e 253 351
e 253 393
e 253 779
e 254 290
e 254 369
e 254 551
e 254 686
e 255 258
e 255 860
e 256 311
e 256 747
e 257 445
e 257 655
e 258 575
e 259 435
e 259 911
e 260 277
e 260 324
e 260 549
e 260 693
e 260 952
e 261 357
e 261 464
e 261 616
e 261 631
e 262 331
e 262 533
e 263 863
e 263 883
e 264 279
e 264 310
e 264 360
e 264 851
e 265 320
e 265 410
e 265 475
e 265 487
e 265 784
e 266 370
e 266 728
e 267 388
e 267 638
e 267 866
e 267 974
e 268 506
e 268 840
e 268 971
e 269 558
e 270 273
e 270 467
e 270 524
e 270 633
e 271 472
e 271 665
e 271 849
e 272 571
e 272 625
e 272 941
e 273 524
e 273 596
e 274 557
e 274 673
e 275 569
e 275 702
e 275 839
e 276 278
e 276 700
e 277 367
e 277 634
e 277 780
e 277 802
e 278 590
e 279 394
e 279 629
e 280 312
e 280 405
e 281 341
e 281 352
e 281 359
e 281 516
e 282 658
e 282 720
e 282 791
e 283 318
e 283 347
e 283 448
e 283 459
e 284 560
e 284 719
e 285 309
e 285 364
e 285 573
e 286 440
e 286 782
e 286 785
e 287 306
e 287 409
e 288 294
e 288 355
e 289 498
e 289 876
e 290 476
e 290 665
e 290 696
e 290 712
e 291 652
e 291 955
e 292 437
e 292 604
e 292 722
e 293 313
e 293 564
e 293 638
e 293 664
e 294 334
e 294 494
e 294 720
e 295 537
e 295 749
e 296 322
e 296 401
e 296 543
e 297 457
e 297 809
e 297 874
e 297 885
e 298 371
e 298 501
e 299 681
e 299 862
e 300 531
e 301 317
e 301 532
e 301 584
e 301 732
e 301 747
e 302 382
e 302 695
e 303 382
e 303 583
e 303 762
e 304 462
e 304 752
e 304 807
e 305 542
e 306 469
e 307 535
e 308 376
e 308 486
e 308 632
e 308 699
e 309 387
e 309 420
e 309 433
e 309 562
e 310 311
e 310 380
e 310 454
e 311 373
e 312 313
e 312 350
e 312 474
e 313 322
e 314 461
e 314 467
e 314 721
e 314 951
e 315 375
e 315 862
e 316 364
e 316 445
e 316 637
e 316 701
e 316 798
e 317 347
e 317 685
e 318 325
e 318 549
e 318 646
e 319 882
e 320 342
e 320 736
e 320 841
e 320 961
e 321 336
e 321 367
e 321 437
e 321 920
e 322 339
e 322 417
e 323 372
e 323 555
e 323 668
e 323 671
e 324 470
e 325 416
e 326 423
e 326 683
e 327 718
e 328 447
e 328 808
e 329 526
e 329 530
e 329 564
e 330 356
e 330 529
e 330 672
e 331 416
e 331 794
e 332 403
e 332 653
e 332 879
e 333 394
e 333 411
e 333 483
e 333 593
e 333 698
e 335 448
e 335 454
e 335 460
e 335 489
e 336 354
e 336 537
e 336 684
e 336 718
e 337 396
e 337 505
e 337 598
e 338 349
e 338 474
e 338 758
e 339 351
e 339 529
e 340 352
e 340 353
e 340 384
e 340 546
e 343 438
e 343 734
e 344 370
e 344 515
e 344 662
e 345 507
e 345 685
e 345 700
e 346 771
e 346 812
e 346 826
e 347 560
e 348 753
e 348 863
e 349 431
e 350 397
e 350 749
e 351 480
e 351 572
e 352 487
e 352 694
e 354 369
e 355 419
e 355 846
e 356 617
e 356 810
e 357 438
e 357 842
e 358 412
e 358 601
e 358 979
e 359 371
e 359 520
e 360 421
e 360 612
e 360 737
e 360 856
e 361 909
e 362 503
e 362 510
e 363 588
e 363 982
e 364 419
e 365 389
e 365 616
e 365 746
e 366 385
e 366 460
e 366 517
e 367 831
e 368 667
e 368 759
e 368 760
e 369 392
e 370 406
e 371 425
e 372 502
e 373 682
e 374 500
e 375 442
e 375 616
e 376 520
e 376 906
e 377 384
e 377 466
e 377 569
e 378 428
e 378 629
e 379 462
e 379 596
e 380 510
e 381 656
e 381 963
e 382 765
e 383 422
e 383 580
e 384 431
e 384 519
e 386 441
e 386 949
e 389 944
e 390 399
e 390 743
e 391 796
e 392 487
e 392 511
e 393 504
e 393 689
e 394 426
e 395 901
e 396 422
e 396 740
e 396 804
e 397 484
e 398 485
e 399 533
e 400 495
e 400 503
e 400 603
e 401 782
e 401 829
e 402 671
e 403 625
e 403 738
e 405 429
e 405 512
e 406 711
e 406 867
e 407 621
e 407 839
e 408 557
e 408 558
e 408 559
e 409 456
e 409 661
e 409 666
e 410 559
e 410 723
e 411 527
e 412 486
e 412 752
e 413 595
e 413 745
e 413 924
e 414 544
e 415 626
e 416 735
e 417 506
e 418 468
e 418 597
e 419 667
e 419 923
e 420 531
e 420 670
e 421 745
e 421 788
e 423 522
e 423 631
e 423 648
e 424 465
e 425 730
e 426 577
e 427 551
e 427 605
e 427 837
e 428 729
e 429 496
e 429 603
e 429 618
e 430 634
e 430 697
e 430 717
e 430 827
e 431 488
e 432 731
e 432 870
e 433 483
e 433 504
e 433 586
e 434 824
e 436 462
e 437 479
e 437 915
e 438 788
e 439 613
e 440 443
e 440 466
e 440 831
e 442 491
e 443 623
e 443 750
e 444 523
e 444 832
e 445 550
e 446 522
e 446 650
e 446 697
e 449 775
e 451 548
e 451 673
e 451 721
e 452 511
e 452 662
e 453 543
e 453 553
e 455 489
e 455 506
e 456 559
e 456 777
e 458 463
e 458 828
e 459 674
e 459 738
e 460 689
e 463 681
e 463 795
e 464 816
e 465 717
e 465 757
e 466 669
e 468 552
e 468 611
e 469 811
e 469 875
e 471 504
e 471 711
e 472 552
e 474 710
e 474 843
e 476 558
e 476 774
e 477 783
e 478 716
e 478 818
e 479 605
e 480 548
e 481 496
e 481 653
e 481 817
e 481 898
e 482 704
e 482 823
e 483 523
e 483 553
e 484 696
e 484 728
e 486 561
e 486 902
e 487 633
e 488 501
e 488 546
e 489 723
e 490 518
e 490 552
e 491 739
e 492 523
e 493 606
e 493 647
e 494 515
e 494 587
e 495 800
e 496 866
e 497 663
e 498 675
e 499 515
e 499 595
e 500 868
e 501 547
e 502 883
e 505 622
e 506 738
e 507 532
e 507 705
e 507 773
e 508 622
e 508 664
e 508 726
e 509 894
e 510 762
e 511 881
e 512 565
e 513 578
e 513 859
e 514 516
e 514 617
e 514 740
e 517 681
e 519 660
e 519 717
e 522 661
e 524 550
e 524 950
e 525 624
e 525 715
e 526 830
e 528 537
e 528 560
e 528 561
e 534 910
e 536 855
e 537 670
e 538 799
e 539 576
e 539 827
e 539 835
e 540 703
e 541 568
e 541 590
e 541 768
e 542 733
e 543 627
e 544 706
e 544 731
e 545 960
e 546 679
e 548 714
e 549 609
e 553 654
e 554 873
e 555 573
e 556 617
e 556 983
e 558 625
e 563 973
e 565 735
e 566 858
e 567 798
e 568 605
e 568 777
e 569 893
e 570 632
e 571 651
e 571 809
e 572 591
e 574 654
e 575 600
e 575 857
e 578 918
e 580 649
e 580 885
e 581 582
e 583 821
e 584 640
e 584 751
e 585 678
e 585 687
e 589 658
e 591 739
e 592 715
e 592 903
e 595 700
e 597 832
e 597 844
e 599 649
e 600 916
e 602 656
e 604 628
e 604 755
e 607 708
e 607 942
e 608 811
e 608 820
e 609 651
e 609 706
e 610 785
e 610 939
e 610 968
e 614 770
e 614 957
e 619 658
e 619 834
e 619 852
e 620 748
e 620 904
e 621 674
e 623 892
e 624 659
e 624 663
e 628 722
e 628 884
e 629 770
e 630 806
e 631 805
e 633 652
e 636 741
e 636 796
e 637 897
e 641 690
e 641 760
e 642 701
e 643 678
e 643 694
e 645 764
e 647 909
e 648 828
e 653 887
e 655 954
e 656 712
e 660 932
e 664 766
e 666 708
e 667 936
e 669 786
e 670 739
e 671 846
e 672 705
e 673 904
e 675 791
e 676 756
e 682 877
e 683 793
e 684 851
e 685 843
e 688 750
e 690 899
e 692 751
e 692 891
e 694 861
e 698 895
e 699 733
e 702 969
e 703 727
e 705 737
e 707 740
e 708 882
e 711 814
e 713 919
e 714 905
e 718 887
e 719 877
e 721 962
e 722 880
e 724 825
e 725 752
e 727 959
e 732 840
e 734 922
e 741 891
e 744 768
e 744 898
e 755 837
e 757 859
e 757 900
e 764 830
e 766 774
e 773 894
e 779 948
e 787 945
e 805 838
e 814 870
e 826 888
e 845 886
e 848 886
e 860 890
e 871 889
e 884 931
e 914 981
n 3 2
n 12 7
n 23 50
n 25 29
n 34 36
n 50 32
n 55 46
n 61 38
n 69 7
n 73 30
n 75 40
n 76 8
n 85 3
n 87 42
n 103 25
n 106 25
n 110 24
n 124 36
n 128 48
n 136 11
n 143 28
n 144 8
n 145 44
n 149 46
n 150 37
n 152 20
n 160 30
n 167 10
n 177 30
n 196 36
n 197 16
n 198 38
n 203 16
n 206 24
n 217 11
n 235 23
n 237 1
n 246 37
n 247 18
n 251 45
n 252 33
n 265 9
n 273 36
n 285 46
n 292 37
n 299 19
n 301 37
n 310 39
n 336 35
n 354 14
n 366 3
n 368 7
n 375 13
n 379 2
n 390 37
n 399 11
n 406 25
n 413 14
n 418 13
n 422 9
n 433 35
n 445 41
n 466 29
n 474 5
n 476 17
n 477 34
n 479 17
n 487 12
n 488 24
n 494 42
n 515 38
n 519 11
n 529 41
n 543 14
n 545 40
n 550 48
n 556 8
n 560 18
n 574 33
n 609 8
n 611 6
n 612 16
n 621 26
n 622 1
n 623 14
n 624 8
n 643 44
n 646 36
n 654 11
n 657 9
n 668 37
n 672 33
n 673 49
n 679 33
n 680 38
n 681 24
n 682 43
n 685 15
n 691 35
n 693 40
n 698 24
n 703 33
n 705 49
n 710 25
n 722 35
n 725 26
n 736 20
n 742 12
n 743 9
n 754 8
n 766 28
n 776 26
n 785 21
n 789 44
n 792 10
n 798 27
n 804 36
n 807 5
n 812 5
n 824 17
n 834 26
n 843 3
n 845 23
n 850 19
n 861 29
n 869 16
n 873 48
n 874 7
n 877 21
n 878 22
n 883 11
n 885 41
n 897 47
n 899 39
n 902 5
n 906 5
n 913 47
n 916 21
n 922 31
n 924 45
n 944 25
n 945 4
n 947 44
n 949 37
n 953 45
n 965 27
n 974 28
n 981 5
n 996 20
n 997 36
